Supplemental results for CODEML (seqf: ../B8441-OG-Hil-PF11765-697-981.nuc  treef: ../p697-981-2r_all-cf1.nwk)


MLEs of dN/dS (w) for site classes (K=4)

site class             0        1       2a       2b
proportion       0.60901  0.15115  0.19215  0.04769
background w     0.04057  1.00000  0.04057  1.00000
foreground w     0.04057  1.00000  1.00000  1.00000

Naive Empirical Bayes (NEB) probabilities for 4 classes
(amino acids refer to 1st sequence: OG)

   1 L   0.95802 0.00000 0.04198 0.00000 ( 1)
   2 A   0.01242 0.00005 0.98751 0.00002 ( 3)
   3 P   0.92987 0.00002 0.07010 0.00001 ( 1)
   4 G   0.93444 0.00034 0.06511 0.00011 ( 1)
   5 T   0.92867 0.00003 0.07129 0.00001 ( 1)
   6 I   0.91543 0.00022 0.08428 0.00007 ( 1)
   7 I   0.95738 0.00000 0.04262 0.00000 ( 1)
   8 K   0.92141 0.01569 0.05795 0.00495 ( 1)
   9 V   0.93083 0.00000 0.06917 0.00000 ( 1)
  10 A   0.00460 0.75242 0.00557 0.23740 ( 2)
  11 G   0.94671 0.00000 0.05329 0.00000 ( 1)
  12 F   0.96108 0.00000 0.03892 0.00000 ( 1)
  13 G   0.92997 0.00000 0.07002 0.00000 ( 1)
  14 D   0.69285 0.15172 0.10757 0.04787 ( 1)
  15 G   0.91556 0.00001 0.08442 0.00000 ( 1)
  16 N   0.97352 0.00000 0.02648 0.00000 ( 1)
  17 V   0.01605 0.74636 0.00211 0.23549 ( 2)
  18 I   0.96977 0.00000 0.03023 0.00000 ( 1)
  19 A   0.00033 0.75881 0.00144 0.23942 ( 2)
  20 V   0.94409 0.00006 0.05583 0.00002 ( 1)
  21 N   0.97429 0.00000 0.02571 0.00000 ( 1)
  22 L   0.93681 0.00000 0.06319 0.00000 ( 1)
  23 L   0.94325 0.00001 0.05674 0.00000 ( 1)
  24 F   0.97188 0.00000 0.02812 0.00000 ( 1)
  25 L   0.00124 0.01207 0.98288 0.00381 ( 3)
  26 S   0.01127 0.75096 0.00084 0.23694 ( 2)
  27 H   0.82226 0.00740 0.16801 0.00233 ( 1)
  28 S   0.00520 0.49291 0.34636 0.15552 ( 2)
  29 Y   0.96116 0.00000 0.03884 0.00000 ( 1)
  30 S   0.00000 0.76016 0.00000 0.23984 ( 2)
  31 P   0.46177 0.00891 0.52651 0.00281 ( 3)
  32 T   0.40130 0.00378 0.59373 0.00119 ( 3)
  33 G   0.02598 0.02725 0.93817 0.00860 ( 3)
  34 L   0.92908 0.00000 0.07092 0.00000 ( 1)
  35 L   0.89308 0.00007 0.10683 0.00002 ( 1)
  36 T   0.93704 0.00000 0.06296 0.00000 ( 1)
  37 L   0.91872 0.00000 0.08127 0.00000 ( 1)
  38 S   0.97185 0.00000 0.02815 0.00000 ( 1)
  39 L   0.87562 0.00000 0.12438 0.00000 ( 1)
  40 T   0.88630 0.02327 0.08309 0.00734 ( 1)
  41 P   0.94442 0.00000 0.05558 0.00000 ( 1)
  42 L   0.51264 0.33682 0.04427 0.10627 ( 1)
  43 L   0.97239 0.00000 0.02761 0.00000 ( 1)
  44 K   0.93459 0.00000 0.06541 0.00000 ( 1)
  45 I   0.45307 0.00001 0.54692 0.00000 ( 3)
  46 V   0.17209 0.24603 0.50425 0.07763 ( 3)
  47 F   0.97031 0.00000 0.02969 0.00000 ( 1)
  48 D   0.02841 0.00090 0.97041 0.00028 ( 3)
  49 I   0.95101 0.00000 0.04899 0.00000 ( 1)
  50 G   0.89211 0.00000 0.10788 0.00000 ( 1)
  51 T   0.01315 0.16571 0.76885 0.05228 ( 3)
  52 G   0.94547 0.00000 0.05453 0.00000 ( 1)
  53 Y   0.96277 0.00000 0.03723 0.00000 ( 1)
  54 D   0.02900 0.04030 0.91798 0.01271 ( 3)
  55 S   0.00087 0.75298 0.00856 0.23758 ( 2)
  56 A   0.00450 0.75587 0.00114 0.23849 ( 2)
  57 L   0.00007 0.75973 0.00049 0.23971 ( 2)
  58 F   0.96701 0.00000 0.03299 0.00000 ( 1)
  59 I   0.00001 0.76009 0.00008 0.23982 ( 2)
  60 T   0.96111 0.00000 0.03889 0.00000 ( 1)
  61 A   0.96639 0.00000 0.03361 0.00000 ( 1)
  62 A   0.95169 0.00000 0.04831 0.00000 ( 1)
  63 V   0.00365 0.06050 0.91676 0.01909 ( 3)
  64 L   0.00654 0.01342 0.97581 0.00423 ( 3)
  65 I   0.32422 0.05948 0.59753 0.01877 ( 3)
  66 G   0.93612 0.00000 0.06388 0.00000 ( 1)
  67 K   0.93938 0.00011 0.06047 0.00004 ( 1)
  68 G   0.00000 0.76016 0.00000 0.23984 ( 2)
  69 I   0.96544 0.00000 0.03456 0.00000 ( 1)
  70 S   0.11368 0.66699 0.00889 0.21045 ( 2)
  71 Y   0.96330 0.00000 0.03670 0.00000 ( 1)
  72 S   0.02687 0.00145 0.97122 0.00046 ( 3)
  73 G   0.03163 0.73212 0.00525 0.23100 ( 2)
  74 R   0.27247 0.15723 0.52069 0.04961 ( 3)
  75 P   0.87161 0.00104 0.12701 0.00033 ( 1)
  76 P   0.89800 0.00000 0.10200 0.00000 ( 1)
  77 N   0.91921 0.00330 0.07645 0.00104 ( 1)
  78 N   0.00000 0.76012 0.00004 0.23983 ( 2)
  79 P   0.07261 0.59779 0.14098 0.18861 ( 2)
  80 P   0.89490 0.00000 0.10510 0.00000 ( 1)
  81 S   0.97389 0.00000 0.02611 0.00000 ( 1)
  82 T   0.00036 0.75811 0.00234 0.23919 ( 2)
  83 C   0.94623 0.00000 0.05377 0.00000 ( 1)
  84 S   0.00000 0.76016 0.00000 0.23984 ( 2)
  85 C   0.94863 0.00000 0.05137 0.00000 ( 1)
  86 T   0.00014 0.06327 0.91663 0.01996 ( 3)
  87 P   0.93240 0.00339 0.06314 0.00107 ( 1)
  88 F   0.97226 0.00000 0.02774 0.00000 ( 1)
  89 P   0.87227 0.00000 0.12773 0.00000 ( 1)
  90 D   0.24838 0.02053 0.72461 0.00648 ( 3)
  91 Y   0.88143 0.00441 0.11277 0.00139 ( 1)


lnL = -2315.799025

