Supplemental results for CODEML (seqf: ../B8441-OG-Hil-PF11765-1-414.nuc  treef: ../p1-414-2r_all-cf1.nwk)


MLEs of dN/dS (w) for site classes (K=4)

site class             0        1       2a       2b
proportion       0.43236  0.03698  0.48885  0.04181
background w     0.11123  1.00000  0.11123  1.00000
foreground w     0.11123  1.00000 224.42590 224.42590

Naive Empirical Bayes (NEB) probabilities for 4 classes
(amino acids refer to 1st sequence: OG)

   1 I   0.00181 0.43040 0.05220 0.51559 ( 4)
   2 L   0.06861 0.00025 0.93084 0.00030 ( 3)
   3 Y   0.00090 0.29399 0.11704 0.58806 ( 4)
   4 F   0.00014 0.02224 0.92995 0.04768 ( 3)
   5 L   0.07720 0.00009 0.92266 0.00006 ( 3)
   6 A   0.31291 0.13149 0.46853 0.08706 ( 3)
   7 Q   0.05142 0.10188 0.73305 0.11365 ( 3)
   8 V   0.73924 0.00140 0.25863 0.00073 ( 1)
   9 F   0.00045 0.00738 0.97274 0.01943 ( 3)
  10 A   0.03420 0.00563 0.95483 0.00533 ( 3)
  11 V   0.00096 0.00938 0.96409 0.02557 ( 3)
  12 I   0.81152 0.00913 0.17686 0.00248 ( 1)
  13 V   0.80289 0.00001 0.19710 0.00000 ( 1)
  14 T   0.88185 0.00006 0.11807 0.00002 ( 1)
  15 E   0.03681 0.00001 0.96317 0.00001 ( 3)
  16 N   0.93869 0.00003 0.06127 0.00001 ( 1)
  17 T   0.88791 0.00019 0.11184 0.00006 ( 1)
  18 V   0.02082 0.00041 0.97841 0.00036 ( 3)
  19 Q   0.00006 0.28558 0.03338 0.68098 ( 4)
  20 I   0.01238 0.38020 0.33909 0.26833 ( 2)
  21 T   0.00000 0.03868 0.70423 0.25709 ( 3)
  22 T   0.01699 0.00195 0.97796 0.00309 ( 3)
  23 V   0.00013 0.00479 0.98037 0.01471 ( 3)
  24 D   0.71302 0.00498 0.27996 0.00204 ( 1)
  25 I   0.03647 0.06789 0.83966 0.05598 ( 3)
  26 T   0.00117 0.28227 0.05225 0.66431 ( 4)
  27 L   0.41380 0.00001 0.58617 0.00001 ( 3)
  28 G   0.90190 0.00002 0.09807 0.00000 ( 1)
  29 D   0.00000 0.00023 0.99861 0.00116 ( 3)
  30 L   0.93888 0.00000 0.06112 0.00000 ( 1)
  31 V   0.07242 0.02027 0.88921 0.01809 ( 3)
  32 V   0.75916 0.00001 0.24082 0.00000 ( 1)
  33 N   0.92681 0.00016 0.07300 0.00003 ( 1)
  34 A   0.00288 0.02966 0.90555 0.06191 ( 3)
  35 G   0.89537 0.00001 0.10461 0.00000 ( 1)
  36 V   0.88336 0.00001 0.11663 0.00000 ( 1)
  37 Y   0.91274 0.00000 0.08726 0.00000 ( 1)
  38 Y   0.00065 0.00009 0.99914 0.00013 ( 3)
  39 S   0.00009 0.00001 0.99984 0.00005 ( 3)
  40 I   0.93670 0.00000 0.06330 0.00000 ( 1)
  41 V   0.03921 0.00004 0.96070 0.00004 ( 3)
  42 D   0.90812 0.00001 0.09187 0.00000 ( 1)
  43 S   0.89333 0.00001 0.10667 0.00000 ( 1)
  44 A   0.07706 0.05009 0.84264 0.03022 ( 3)
  45 L   0.01861 0.00086 0.97945 0.00108 ( 3)
  46 V   0.02388 0.00011 0.97589 0.00013 ( 3)
  47 T   0.14761 0.00080 0.85116 0.00043 ( 3)
  48 L   0.92961 0.00019 0.07014 0.00006 ( 1)
  49 V   0.82292 0.00461 0.17127 0.00120 ( 1)
  50 G   0.90623 0.00000 0.09377 0.00000 ( 1)
  51 T   0.24725 0.03954 0.69787 0.01535 ( 3)
  52 V   0.03330 0.00012 0.96643 0.00015 ( 3)
  53 N   0.02100 0.00001 0.97899 0.00000 ( 3)
  54 V   0.90573 0.00001 0.09425 0.00000 ( 1)
  55 R   0.03656 0.00276 0.95886 0.00183 ( 3)
  56 G   0.91283 0.00000 0.08717 0.00000 ( 1)
  57 G   0.88305 0.01027 0.10439 0.00229 ( 1)
  58 F   0.95151 0.00000 0.04849 0.00000 ( 1)
  59 Y   0.91475 0.00000 0.08525 0.00000 ( 1)
  60 V   0.11764 0.00001 0.88235 0.00000 ( 3)
  61 T   0.91001 0.00000 0.08998 0.00000 ( 1)
  62 S   0.80991 0.00017 0.18985 0.00008 ( 1)
  63 A   0.00017 0.35324 0.13823 0.50836 ( 4)
  64 K   0.08501 0.00007 0.91490 0.00003 ( 3)
  65 D   0.00056 0.00023 0.99875 0.00046 ( 3)
  66 L   0.05537 0.00006 0.94452 0.00005 ( 3)
  67 T   0.00036 0.00036 0.99819 0.00109 ( 3)
  68 S   0.79075 0.00031 0.20876 0.00018 ( 1)
  69 S   0.04936 0.00001 0.95063 0.00001 ( 3)
  70 V   0.90925 0.00002 0.09072 0.00001 ( 1)
  71 V   0.00691 0.15666 0.57843 0.25801 ( 3)
  72 M   0.73060 0.05568 0.19175 0.02197 ( 1)
  73 T   0.11094 0.00161 0.88604 0.00141 ( 3)
  74 G   0.35514 0.00401 0.63923 0.00161 ( 3)
  75 G   0.86131 0.00003 0.13866 0.00001 ( 1)
  76 I   0.82294 0.00121 0.17549 0.00036 ( 1)
  77 F   0.81109 0.00001 0.18889 0.00000 ( 1)
  78 V   0.00005 0.03823 0.88000 0.08172 ( 3)
  79 N   0.93548 0.00000 0.06452 0.00000 ( 1)
  80 S   0.92027 0.00013 0.07956 0.00005 ( 1)
  81 G   0.86052 0.00000 0.13948 0.00000 ( 1)
  82 T   0.11558 0.60299 0.08095 0.20048 ( 2)
  83 V   0.78724 0.00003 0.21272 0.00001 ( 1)
  84 S   0.77987 0.00042 0.21959 0.00012 ( 1)
  85 F   0.95420 0.00000 0.04580 0.00000 ( 1)
  86 N   0.00136 0.00000 0.99863 0.00000 ( 3)
  87 S   0.07164 0.00001 0.92834 0.00001 ( 3)
  88 L   0.93112 0.00114 0.06749 0.00024 ( 1)
  89 S   0.00153 0.01253 0.96719 0.01875 ( 3)
  90 S   0.79014 0.00001 0.20984 0.00001 ( 1)
  91 K   0.59039 0.09610 0.27678 0.03672 ( 1)
  92 L   0.29002 0.04088 0.64213 0.02697 ( 3)
  93 L   0.68835 0.00668 0.30097 0.00400 ( 1)
  94 S   0.85468 0.04167 0.08878 0.01486 ( 1)
  95 T   0.01688 0.00457 0.97400 0.00455 ( 3)
  96 Y   0.90755 0.00010 0.09233 0.00002 ( 1)
  97 G   0.22090 0.00006 0.77900 0.00005 ( 3)
  98 I   0.10970 0.00034 0.88969 0.00028 ( 3)
  99 T   0.16631 0.00005 0.83362 0.00002 ( 3)
 100 V   0.50316 0.00004 0.49678 0.00002 ( 1)
 101 G   0.03334 0.00002 0.96662 0.00002 ( 3)
 102 S   0.00001 0.15801 0.43807 0.40392 ( 3)
 103 F   0.95104 0.00000 0.04896 0.00000 ( 1)
 104 E   0.00031 0.19465 0.51518 0.28985 ( 3)
 105 N   0.93551 0.00000 0.06449 0.00000 ( 1)
 106 T   0.90912 0.00021 0.09061 0.00006 ( 1)
 107 G   0.91312 0.00000 0.08688 0.00000 ( 1)
 108 D   0.79362 0.00270 0.20311 0.00056 ( 1)
 109 M   0.96111 0.00000 0.03889 0.00000 ( 1)
 110 Y   0.88864 0.00001 0.11134 0.00000 ( 1)
 111 F   0.93123 0.00016 0.06853 0.00008 ( 1)
 112 G   0.00009 0.00000 0.99990 0.00001 ( 3)
 113 I   0.88572 0.02477 0.08027 0.00923 ( 1)
 114 S   0.03893 0.00989 0.93782 0.01336 ( 3)
 115 R   0.00006 0.00158 0.99096 0.00741 ( 3)
 116 A   0.00212 0.00011 0.99754 0.00023 ( 3)
 117 P   0.22014 0.00044 0.77909 0.00033 ( 3)
 118 I   0.00014 0.00670 0.98173 0.01143 ( 3)
 119 V   0.00043 0.03543 0.90031 0.06382 ( 3)
 120 P   0.88779 0.00003 0.11216 0.00001 ( 1)
 121 F   0.84246 0.00008 0.15740 0.00005 ( 1)
 122 I   0.04737 0.00649 0.94117 0.00498 ( 3)
 123 V   0.71121 0.00001 0.28878 0.00000 ( 1)
 124 T   0.30655 0.00024 0.69297 0.00024 ( 3)
 125 S   0.92800 0.00000 0.07200 0.00000 ( 1)
 126 V   0.00538 0.00010 0.99439 0.00013 ( 3)
 127 S   0.00128 0.00106 0.99636 0.00131 ( 3)
 128 S   0.00470 0.00056 0.99403 0.00070 ( 3)
 129 W   0.90516 0.00000 0.09483 0.00000 ( 1)
 130 T   0.09234 0.02870 0.84515 0.03381 ( 3)
 131 N   0.93545 0.00000 0.06455 0.00000 ( 1)
 132 T   0.01907 0.59519 0.00290 0.38284 ( 2)
 133 G   0.91177 0.00000 0.08823 0.00000 ( 1)
 134 M   0.01421 0.00567 0.97021 0.00991 ( 3)
 135 M   0.85994 0.00000 0.14006 0.00000 ( 1)


lnL = -3393.452956

Bayes Empirical Bayes (BEB) probabilities for 4 classes (class)
(amino acids refer to 1st sequence: OG)

   1 I   0.00166 0.16932 0.01741 0.81161 ( 4)
   2 L   0.13613 0.00085 0.85886 0.00417 ( 3)
   3 Y   0.00140 0.16685 0.01414 0.81761 ( 4)
   4 F   0.00263 0.14118 0.13274 0.72346 ( 4)
   5 L   0.05882 0.00015 0.94030 0.00072 ( 3)
   6 A   0.11164 0.05936 0.55467 0.27433 ( 3)
   7 Q   0.05239 0.08897 0.42691 0.43172 ( 4)
   8 V   0.17994 0.00082 0.81540 0.00383 ( 3)
   9 F   0.01180 0.10505 0.34073 0.54242 ( 4)
  10 A   0.04485 0.00900 0.90272 0.04343 ( 3)
  11 V   0.01191 0.09805 0.38463 0.50540 ( 4)
  12 I   0.18908 0.00285 0.79541 0.01265 ( 3)
  13 V   0.19510 0.00001 0.80486 0.00003 ( 3)
  14 T   0.19155 0.00004 0.80822 0.00019 ( 3)
  15 E   0.04193 0.00003 0.95789 0.00015 ( 3)
  16 N   0.19767 0.00002 0.80222 0.00009 ( 3)
  17 T   0.19182 0.00014 0.80744 0.00061 ( 3)
  18 V   0.03608 0.00119 0.95698 0.00575 ( 3)
  19 Q   0.00010 0.16817 0.00169 0.83004 ( 4)
  20 I   0.01087 0.15049 0.13768 0.70095 ( 4)
  21 T   0.00000 0.15503 0.00068 0.84428 ( 4)
  22 T   0.05128 0.00682 0.90786 0.03404 ( 3)
  23 V   0.00414 0.08127 0.48273 0.43185 ( 3)
  24 D   0.17521 0.00166 0.81554 0.00758 ( 3)
  25 I   0.05307 0.09685 0.39254 0.45755 ( 4)
  26 T   0.00144 0.16268 0.01362 0.82226 ( 4)
  27 L   0.16599 0.00002 0.83389 0.00010 ( 3)
  28 G   0.19322 0.00001 0.80671 0.00006 ( 3)
  29 D   0.00164 0.06596 0.57391 0.35849 ( 3)
  30 L   0.19987 0.00000 0.80013 0.00000 ( 3)
  31 V   0.11727 0.03331 0.69192 0.15750 ( 3)
  32 V   0.19487 0.00001 0.80507 0.00004 ( 3)
  33 N   0.19634 0.00007 0.80327 0.00032 ( 3)
  34 A   0.01466 0.09588 0.40683 0.48263 ( 4)
  35 G   0.19218 0.00001 0.80775 0.00006 ( 3)
  36 V   0.19176 0.00001 0.80820 0.00003 ( 3)
  37 Y   0.19450 0.00000 0.80549 0.00001 ( 3)
  38 Y   0.01462 0.00210 0.97265 0.01063 ( 3)
  39 S   0.00613 0.00131 0.98545 0.00710 ( 3)
  40 I   0.19851 0.00000 0.80148 0.00001 ( 3)
  41 V   0.04878 0.00013 0.95049 0.00061 ( 3)
  42 D   0.19490 0.00001 0.80506 0.00004 ( 3)
  43 S   0.19632 0.00000 0.80365 0.00002 ( 3)
  44 A   0.05416 0.03281 0.75905 0.15398 ( 3)
  45 L   0.03746 0.00256 0.94736 0.01261 ( 3)
  46 V   0.09566 0.00079 0.89968 0.00387 ( 3)
  47 T   0.10741 0.00102 0.88689 0.00467 ( 3)
  48 L   0.19963 0.00010 0.79980 0.00046 ( 3)
  49 V   0.19070 0.00172 0.79999 0.00759 ( 3)
  50 G   0.19336 0.00000 0.80663 0.00001 ( 3)
  51 T   0.15550 0.02369 0.71471 0.10610 ( 3)
  52 V   0.14427 0.00202 0.84384 0.00987 ( 3)
  53 N   0.08485 0.00008 0.91471 0.00036 ( 3)
  54 V   0.19476 0.00001 0.80519 0.00004 ( 3)
  55 R   0.04726 0.00453 0.92694 0.02128 ( 3)
  56 G   0.19391 0.00000 0.80609 0.00000 ( 3)
  57 G   0.18848 0.00350 0.79254 0.01547 ( 3)
  58 F   0.20227 0.00000 0.79773 0.00000 ( 3)
  59 Y   0.19460 0.00000 0.80540 0.00000 ( 3)
  60 V   0.07586 0.00002 0.92403 0.00009 ( 3)
  61 T   0.19407 0.00000 0.80592 0.00001 ( 3)
  62 S   0.19055 0.00013 0.80873 0.00058 ( 3)
  63 A   0.00027 0.16736 0.00921 0.82316 ( 4)
  64 K   0.06149 0.00010 0.93794 0.00047 ( 3)
  65 D   0.03024 0.01126 0.90086 0.05763 ( 3)
  66 L   0.10998 0.00028 0.88840 0.00135 ( 3)
  67 T   0.01685 0.01565 0.88456 0.08295 ( 3)
  68 S   0.18537 0.00019 0.81356 0.00088 ( 3)
  69 S   0.05554 0.00003 0.94430 0.00013 ( 3)
  70 V   0.19511 0.00001 0.80482 0.00006 ( 3)
  71 V   0.01027 0.14980 0.10078 0.73914 ( 4)
  72 M   0.17943 0.01273 0.75074 0.05710 ( 3)
  73 T   0.13350 0.00262 0.85123 0.01265 ( 3)
  74 G   0.18483 0.00321 0.79743 0.01453 ( 3)
  75 G   0.18958 0.00002 0.81032 0.00008 ( 3)
  76 I   0.19228 0.00051 0.80495 0.00226 ( 3)
  77 F   0.19541 0.00001 0.80452 0.00005 ( 3)
  78 V   0.00061 0.16622 0.01444 0.81873 ( 4)
  79 N   0.19661 0.00000 0.80339 0.00000 ( 3)
  80 S   0.19676 0.00009 0.80273 0.00042 ( 3)
  81 G   0.18929 0.00000 0.81070 0.00001 ( 3)
  82 T   0.04832 0.13913 0.19945 0.61309 ( 4)
  83 V   0.19821 0.00002 0.80169 0.00008 ( 3)
  84 S   0.19271 0.00025 0.80593 0.00110 ( 3)
  85 F   0.20244 0.00000 0.79756 0.00000 ( 3)
  86 N   0.02057 0.00009 0.97891 0.00044 ( 3)
  87 S   0.05892 0.00002 0.94095 0.00010 ( 3)
  88 L   0.19697 0.00055 0.80008 0.00241 ( 3)
  89 S   0.01298 0.09054 0.45262 0.44387 ( 3)
  90 S   0.18516 0.00001 0.81478 0.00005 ( 3)
  91 K   0.15347 0.02830 0.69119 0.12704 ( 3)
  92 L   0.13424 0.01902 0.75762 0.08912 ( 3)
  93 L   0.17696 0.00254 0.80871 0.01180 ( 3)
  94 S   0.18356 0.01117 0.75539 0.04988 ( 3)
  95 T   0.05967 0.01610 0.84462 0.07961 ( 3)
  96 Y   0.19411 0.00006 0.80559 0.00024 ( 3)
  97 G   0.12788 0.00009 0.87161 0.00043 ( 3)
  98 I   0.15448 0.00095 0.84000 0.00457 ( 3)
  99 T   0.09851 0.00008 0.90106 0.00035 ( 3)
 100 V   0.15753 0.00004 0.84225 0.00018 ( 3)
 101 G   0.04004 0.00006 0.95959 0.00030 ( 3)
 102 S   0.00005 0.16664 0.00288 0.83044 ( 4)
 103 F   0.20373 0.00000 0.79627 0.00000 ( 3)
 104 E   0.00078 0.16956 0.01041 0.81925 ( 4)
 105 N   0.19661 0.00000 0.80339 0.00000 ( 3)
 106 T   0.19473 0.00011 0.80469 0.00047 ( 3)
 107 G   0.19393 0.00000 0.80607 0.00000 ( 3)
 108 D   0.19362 0.00097 0.80117 0.00424 ( 3)
 109 M   0.20178 0.00000 0.79822 0.00000 ( 3)
 110 Y   0.19166 0.00001 0.80830 0.00003 ( 3)
 111 F   0.20065 0.00011 0.79873 0.00051 ( 3)
 112 G   0.00713 0.00027 0.99117 0.00143 ( 3)
 113 I   0.18756 0.00773 0.77003 0.03468 ( 3)
 114 S   0.09959 0.02401 0.75806 0.11834 ( 3)
 115 R   0.00503 0.08803 0.43501 0.47194 ( 4)
 116 A   0.04762 0.00335 0.93231 0.01672 ( 3)
 117 P   0.12244 0.00059 0.87414 0.00282 ( 3)
 118 I   0.00597 0.14551 0.13835 0.71017 ( 4)
 119 V   0.00327 0.13688 0.17525 0.68460 ( 4)
 120 P   0.19281 0.00002 0.80707 0.00010 ( 3)
 121 F   0.19000 0.00007 0.80958 0.00034 ( 3)
 122 I   0.04090 0.00567 0.92645 0.02697 ( 3)
 123 V   0.18237 0.00001 0.81759 0.00003 ( 3)
 124 T   0.15808 0.00028 0.84025 0.00139 ( 3)
 125 S   0.19756 0.00000 0.80243 0.00001 ( 3)
 126 V   0.04159 0.00101 0.95239 0.00501 ( 3)
 127 S   0.03427 0.02618 0.81577 0.12378 ( 3)
 128 S   0.05807 0.00739 0.89870 0.03583 ( 3)
 129 W   0.19286 0.00000 0.80712 0.00002 ( 3)
 130 T   0.10124 0.03101 0.71508 0.15267 ( 3)
 131 N   0.19661 0.00000 0.80338 0.00000 ( 3)
 132 T   0.00914 0.17232 0.03737 0.78117 ( 4)
 133 G   0.19379 0.00000 0.80621 0.00001 ( 3)
 134 M   0.02070 0.00876 0.92583 0.04471 ( 3)
 135 M   0.18635 0.00000 0.81363 0.00002 ( 3)

