Supplemental results for CODEML (seqf: ../B8441-OG-Hil-PF11765-1-414.nuc  treef: ../p1-414-2r_all-cf1.nwk)


MLEs of dN/dS (w) for site classes (K=4)

site class             0        1       2a       2b
proportion       0.73231  0.06842  0.18224  0.01703
background w     0.05971  1.00000  0.05971  1.00000
foreground w     0.05971  1.00000  3.40574  3.40574

Naive Empirical Bayes (NEB) probabilities for 4 classes
(amino acids refer to 1st sequence: OG)

   1 I   0.00097 0.79510 0.00438 0.19955 ( 2)
   2 L   0.04224 0.00000 0.95775 0.00000 ( 3)
   3 Y   0.25192 0.58593 0.02402 0.13813 ( 2)
   4 F   0.31801 0.02841 0.64747 0.00612 ( 3)
   5 L   0.99289 0.00000 0.00711 0.00000 ( 1)
   6 A   0.30056 0.43854 0.14028 0.12061 ( 2)
   7 Q   0.19487 0.54504 0.12623 0.13386 ( 2)
   8 V   0.90508 0.00274 0.09157 0.00061 ( 1)
   9 F   0.23281 0.16428 0.57367 0.02924 ( 3)
  10 A   0.97616 0.00121 0.02235 0.00028 ( 1)
  11 V   0.82352 0.03742 0.13218 0.00688 ( 1)
  12 I   0.97098 0.00053 0.02837 0.00012 ( 1)
  13 V   0.96757 0.00000 0.03242 0.00000 ( 1)
  14 T   0.97952 0.00001 0.02047 0.00000 ( 1)
  15 E   0.98773 0.00000 0.01227 0.00000 ( 1)
  16 N   0.98954 0.00001 0.01045 0.00000 ( 1)
  17 T   0.98628 0.00007 0.01363 0.00002 ( 1)
  18 V   0.97645 0.00010 0.02342 0.00002 ( 1)
  19 Q   0.00017 0.75824 0.02563 0.21596 ( 2)
  20 I   0.43644 0.38284 0.08900 0.09172 ( 1)
  21 T   0.00057 0.50718 0.33147 0.16078 ( 2)
  22 T   0.69796 0.00096 0.30090 0.00017 ( 1)
  23 V   0.84375 0.08765 0.04818 0.02042 ( 1)
  24 D   0.85172 0.00091 0.14715 0.00022 ( 1)
  25 I   0.09998 0.02004 0.87530 0.00467 ( 3)
  26 T   0.00625 0.81637 0.00860 0.16879 ( 2)
  27 L   0.47553 0.00000 0.52447 0.00000 ( 3)
  28 G   0.98965 0.00000 0.01035 0.00000 ( 1)
  29 D   0.26042 0.04295 0.68480 0.01183 ( 3)
  30 L   0.99665 0.00000 0.00335 0.00000 ( 1)
  31 V   0.67739 0.00508 0.31632 0.00120 ( 1)
  32 V   0.96542 0.00000 0.03458 0.00000 ( 1)
  33 N   0.99063 0.00001 0.00936 0.00000 ( 1)
  34 A   0.20168 0.05660 0.73106 0.01066 ( 3)
  35 G   0.96691 0.00000 0.03308 0.00000 ( 1)
  36 V   0.97815 0.00000 0.02185 0.00000 ( 1)
  37 Y   0.99299 0.00000 0.00701 0.00000 ( 1)
  38 Y   0.97277 0.00001 0.02722 0.00000 ( 1)
  39 S   0.96446 0.00001 0.03553 0.00000 ( 1)
  40 I   0.98826 0.00000 0.01174 0.00000 ( 1)
  41 V   0.97773 0.00001 0.02226 0.00000 ( 1)
  42 D   0.98657 0.00000 0.01343 0.00000 ( 1)
  43 S   0.98353 0.00000 0.01647 0.00000 ( 1)
  44 A   0.94778 0.02526 0.02121 0.00575 ( 1)
  45 L   0.96642 0.00007 0.03349 0.00001 ( 1)
  46 V   0.60051 0.00003 0.39946 0.00001 ( 1)
  47 T   0.53550 0.00021 0.46424 0.00005 ( 1)
  48 L   0.99058 0.00000 0.00942 0.00000 ( 1)
  49 V   0.96654 0.00023 0.03319 0.00004 ( 1)
  50 G   0.98457 0.00000 0.01543 0.00000 ( 1)
  51 T   0.58604 0.01888 0.39016 0.00492 ( 1)
  52 V   0.17125 0.00001 0.82874 0.00000 ( 3)
  53 N   0.69869 0.00000 0.30130 0.00000 ( 1)
  54 V   0.98852 0.00000 0.01148 0.00000 ( 1)
  55 R   0.33149 0.00630 0.66043 0.00178 ( 3)
  56 G   0.99006 0.00000 0.00994 0.00000 ( 1)
  57 G   0.98396 0.00090 0.01493 0.00020 ( 1)
  58 F   0.99256 0.00000 0.00744 0.00000 ( 1)
  59 Y   0.99359 0.00000 0.00641 0.00000 ( 1)
  60 V   0.98071 0.00000 0.01928 0.00000 ( 1)
  61 T   0.98655 0.00000 0.01345 0.00000 ( 1)
  62 S   0.98247 0.00000 0.01753 0.00000 ( 1)
  63 A   0.09419 0.72684 0.01357 0.16540 ( 2)
  64 K   0.98775 0.00000 0.01224 0.00000 ( 1)
  65 D   0.65292 0.00104 0.34584 0.00020 ( 1)
  66 L   0.98763 0.00000 0.01236 0.00000 ( 1)
  67 T   0.77435 0.00172 0.22356 0.00038 ( 1)
  68 S   0.91111 0.00004 0.08885 0.00001 ( 1)
  69 S   0.98453 0.00000 0.01547 0.00000 ( 1)
  70 V   0.97940 0.00000 0.02060 0.00000 ( 1)
  71 V   0.05700 0.55560 0.25138 0.13602 ( 2)
  72 M   0.79332 0.10322 0.07856 0.02489 ( 1)
  73 T   0.25961 0.00035 0.73996 0.00008 ( 3)
  74 G   0.81759 0.00042 0.18191 0.00008 ( 1)
  75 G   0.98834 0.00000 0.01166 0.00000 ( 1)
  76 I   0.96336 0.00006 0.03656 0.00001 ( 1)
  77 F   0.95187 0.00000 0.04813 0.00000 ( 1)
  78 V   0.02756 0.23145 0.68038 0.06062 ( 3)
  79 N   0.99366 0.00000 0.00634 0.00000 ( 1)
  80 S   0.98152 0.00003 0.01845 0.00001 ( 1)
  81 G   0.99174 0.00000 0.00826 0.00000 ( 1)
  82 T   0.46571 0.40578 0.03940 0.08911 ( 1)
  83 V   0.98064 0.00000 0.01936 0.00000 ( 1)
  84 S   0.94157 0.00003 0.05840 0.00001 ( 1)
  85 F   0.99415 0.00000 0.00585 0.00000 ( 1)
  86 N   0.98805 0.00000 0.01195 0.00000 ( 1)
  87 S   0.98859 0.00000 0.01141 0.00000 ( 1)
  88 L   0.99137 0.00006 0.00856 0.00001 ( 1)
  89 S   0.20611 0.04762 0.73391 0.01236 ( 3)
  90 S   0.90588 0.00000 0.09411 0.00000 ( 1)
  91 K   0.74407 0.07229 0.16648 0.01716 ( 1)
  92 L   0.87247 0.00942 0.11600 0.00211 ( 1)
  93 L   0.86002 0.00062 0.13922 0.00014 ( 1)
  94 S   0.97809 0.00393 0.01718 0.00080 ( 1)
  95 T   0.91006 0.00203 0.08746 0.00044 ( 1)
  96 Y   0.99146 0.00000 0.00854 0.00000 ( 1)
  97 G   0.96061 0.00000 0.03939 0.00000 ( 1)
  98 I   0.61670 0.00004 0.38326 0.00001 ( 1)
  99 T   0.64448 0.00001 0.35551 0.00000 ( 1)
 100 V   0.82230 0.00003 0.17766 0.00001 ( 1)
 101 G   0.98030 0.00000 0.01970 0.00000 ( 1)
 102 S   0.00124 0.67509 0.10945 0.21422 ( 2)
 103 F   0.99385 0.00000 0.00615 0.00000 ( 1)
 104 E   0.00034 0.00695 0.99095 0.00176 ( 3)
 105 N   0.99398 0.00000 0.00602 0.00000 ( 1)
 106 T   0.97831 0.00002 0.02166 0.00001 ( 1)
 107 G   0.99097 0.00000 0.00903 0.00000 ( 1)
 108 D   0.95715 0.00029 0.04250 0.00006 ( 1)
 109 M   0.99678 0.00000 0.00322 0.00000 ( 1)
 110 Y   0.98031 0.00000 0.01969 0.00000 ( 1)
 111 F   0.97293 0.00013 0.02691 0.00003 ( 1)
 112 G   0.98837 0.00000 0.01162 0.00000 ( 1)
 113 I   0.93139 0.03624 0.02366 0.00872 ( 1)
 114 S   0.06417 0.00025 0.93552 0.00006 ( 3)
 115 R   0.04489 0.01453 0.93680 0.00379 ( 3)
 116 A   0.01633 0.00001 0.98366 0.00000 ( 3)
 117 P   0.96262 0.00002 0.03735 0.00000 ( 1)
 118 I   0.00991 0.02199 0.96163 0.00648 ( 3)
 119 V   0.76278 0.15533 0.04658 0.03531 ( 1)
 120 P   0.93492 0.00003 0.06505 0.00000 ( 1)
 121 F   0.91298 0.00003 0.08698 0.00001 ( 1)
 122 I   0.96409 0.00133 0.03427 0.00031 ( 1)
 123 V   0.96819 0.00000 0.03181 0.00000 ( 1)
 124 T   0.48799 0.00000 0.51200 0.00000 ( 3)
 125 S   0.98067 0.00000 0.01933 0.00000 ( 1)
 126 V   0.42047 0.00002 0.57950 0.00001 ( 3)
 127 S   0.00267 0.00025 0.99699 0.00008 ( 3)
 128 S   0.16930 0.00015 0.83051 0.00004 ( 3)
 129 W   0.98004 0.00000 0.01996 0.00000 ( 1)
 130 T   0.60092 0.00779 0.38982 0.00147 ( 1)
 131 N   0.99367 0.00000 0.00633 0.00000 ( 1)
 132 T   0.00203 0.80305 0.00014 0.19477 ( 2)
 133 G   0.98415 0.00000 0.01585 0.00000 ( 1)
 134 M   0.95076 0.00584 0.04231 0.00108 ( 1)
 135 M   0.95657 0.00000 0.04343 0.00000 ( 1)


lnL = -3342.862451

Bayes Empirical Bayes (BEB) probabilities for 4 classes (class)
(amino acids refer to 1st sequence: OG)

   1 I   0.00029 0.77631 0.00204 0.22136 ( 2)
   2 L   0.02858 0.00000 0.97142 0.00000 ( 3)
   3 Y   0.10342 0.69642 0.01253 0.18763 ( 2)
   4 F   0.24854 0.06150 0.67648 0.01348 ( 3)
   5 L   0.98675 0.00000 0.01325 0.00000 ( 1)
   6 A   0.19277 0.52549 0.11834 0.16340 ( 2)
   7 Q   0.09881 0.63830 0.08651 0.17639 ( 2)
   8 V   0.88220 0.00382 0.11302 0.00095 ( 1)
   9 F   0.15114 0.29319 0.50170 0.05397 ( 3)
  10 A   0.96843 0.00198 0.02906 0.00053 ( 1)
  11 V   0.75479 0.07880 0.15012 0.01628 ( 1)
  12 I   0.95996 0.00093 0.03886 0.00024 ( 1)
  13 V   0.95309 0.00000 0.04691 0.00000 ( 1)
  14 T   0.97194 0.00001 0.02805 0.00000 ( 1)
  15 E   0.97741 0.00000 0.02259 0.00000 ( 1)
  16 N   0.98405 0.00001 0.01594 0.00000 ( 1)
  17 T   0.97956 0.00008 0.02034 0.00002 ( 1)
  18 V   0.96970 0.00013 0.03013 0.00003 ( 1)
  19 Q   0.00005 0.74446 0.01486 0.24062 ( 2)
  20 I   0.22446 0.56289 0.05931 0.15333 ( 2)
  21 T   0.00018 0.58978 0.19950 0.21053 ( 2)
  22 T   0.65420 0.00188 0.34356 0.00036 ( 1)
  23 V   0.73204 0.17223 0.04982 0.04591 ( 1)
  24 D   0.80319 0.00159 0.19479 0.00043 ( 1)
  25 I   0.07266 0.03350 0.88552 0.00832 ( 3)
  26 T   0.00199 0.80451 0.00349 0.19001 ( 2)
  27 L   0.40739 0.00000 0.59260 0.00000 ( 3)
  28 G   0.98266 0.00000 0.01734 0.00000 ( 1)
  29 D   0.21249 0.08093 0.68304 0.02354 ( 3)
  30 L   0.99188 0.00000 0.00812 0.00000 ( 1)
  31 V   0.61108 0.00957 0.37687 0.00248 ( 1)
  32 V   0.94982 0.00000 0.05018 0.00000 ( 1)
  33 N   0.98517 0.00002 0.01481 0.00000 ( 1)
  34 A   0.14097 0.11211 0.72436 0.02255 ( 3)
  35 G   0.95633 0.00000 0.04367 0.00000 ( 1)
  36 V   0.96924 0.00000 0.03076 0.00000 ( 1)
  37 Y   0.98663 0.00000 0.01337 0.00000 ( 1)
  38 Y   0.95778 0.00001 0.04220 0.00000 ( 1)
  39 S   0.94778 0.00001 0.05221 0.00000 ( 1)
  40 I   0.98291 0.00000 0.01709 0.00000 ( 1)
  41 V   0.96968 0.00001 0.03031 0.00000 ( 1)
  42 D   0.98149 0.00000 0.01851 0.00000 ( 1)
  43 S   0.97544 0.00000 0.02456 0.00000 ( 1)
  44 A   0.91405 0.04647 0.02730 0.01218 ( 1)
  45 L   0.95461 0.00012 0.04525 0.00003 ( 1)
  46 V   0.52303 0.00003 0.47693 0.00001 ( 1)
  47 T   0.45854 0.00025 0.54115 0.00007 ( 3)
  48 L   0.98252 0.00000 0.01748 0.00000 ( 1)
  49 V   0.95451 0.00040 0.04500 0.00009 ( 1)
  50 G   0.97673 0.00000 0.02327 0.00000 ( 1)
  51 T   0.50078 0.03407 0.45553 0.00963 ( 1)
  52 V   0.16027 0.00001 0.83973 0.00000 ( 3)
  53 N   0.62939 0.00000 0.37061 0.00000 ( 1)
  54 V   0.98424 0.00000 0.01576 0.00000 ( 1)
  55 R   0.28655 0.00946 0.70124 0.00275 ( 3)
  56 G   0.98231 0.00000 0.01769 0.00000 ( 1)
  57 G   0.97570 0.00152 0.02238 0.00039 ( 1)
  58 F   0.98749 0.00000 0.01251 0.00000 ( 1)
  59 Y   0.98739 0.00000 0.01261 0.00000 ( 1)
  60 V   0.97359 0.00000 0.02641 0.00000 ( 1)
  61 T   0.97985 0.00000 0.02015 0.00000 ( 1)
  62 S   0.97477 0.00000 0.02522 0.00000 ( 1)
  63 A   0.03391 0.76191 0.00629 0.19789 ( 2)
  64 K   0.98206 0.00000 0.01793 0.00000 ( 1)
  65 D   0.57509 0.00178 0.42276 0.00037 ( 1)
  66 L   0.97907 0.00000 0.02093 0.00000 ( 1)
  67 T   0.70351 0.00298 0.29279 0.00071 ( 1)
  68 S   0.89114 0.00005 0.10880 0.00001 ( 1)
  69 S   0.97581 0.00000 0.02419 0.00000 ( 1)
  70 V   0.97144 0.00000 0.02856 0.00000 ( 1)
  71 V   0.02517 0.63459 0.16491 0.17533 ( 2)
  72 M   0.65353 0.20383 0.08691 0.05573 ( 1)
  73 T   0.18536 0.00046 0.81408 0.00010 ( 3)
  74 G   0.75829 0.00071 0.24085 0.00015 ( 1)
  75 G   0.98014 0.00000 0.01986 0.00000 ( 1)
  76 I   0.95228 0.00009 0.04761 0.00003 ( 1)
  77 F   0.93100 0.00000 0.06899 0.00000 ( 1)
  78 V   0.01684 0.34626 0.53655 0.10035 ( 3)
  79 N   0.98949 0.00000 0.01051 0.00000 ( 1)
  80 S   0.97209 0.00003 0.02788 0.00001 ( 1)
  81 G   0.98520 0.00000 0.01480 0.00000 ( 1)
  82 T   0.24612 0.58000 0.02790 0.14597 ( 2)
  83 V   0.96744 0.00000 0.03256 0.00000 ( 1)
  84 S   0.91677 0.00004 0.08318 0.00001 ( 1)
  85 F   0.98986 0.00000 0.01014 0.00000 ( 1)
  86 N   0.98294 0.00000 0.01706 0.00000 ( 1)
  87 S   0.98183 0.00000 0.01817 0.00000 ( 1)
  88 L   0.98284 0.00009 0.01705 0.00002 ( 1)
  89 S   0.16716 0.08328 0.72699 0.02257 ( 3)
  90 S   0.88654 0.00000 0.11345 0.00000 ( 1)
  91 K   0.65723 0.12823 0.18046 0.03408 ( 1)
  92 L   0.82023 0.01964 0.15521 0.00492 ( 1)
  93 L   0.81436 0.00106 0.18431 0.00027 ( 1)
  94 S   0.96513 0.00778 0.02525 0.00184 ( 1)
  95 T   0.86788 0.00389 0.12728 0.00095 ( 1)
  96 Y   0.98494 0.00000 0.01506 0.00000 ( 1)
  97 G   0.95069 0.00001 0.04930 0.00000 ( 1)
  98 I   0.52411 0.00006 0.47582 0.00001 ( 1)
  99 T   0.58975 0.00001 0.41024 0.00000 ( 1)
 100 V   0.75169 0.00003 0.24828 0.00001 ( 1)
 101 G   0.97141 0.00000 0.02859 0.00000 ( 1)
 102 S   0.00038 0.68869 0.06243 0.24851 ( 2)
 103 F   0.98934 0.00000 0.01066 0.00000 ( 1)
 104 E   0.00019 0.01097 0.98574 0.00310 ( 3)
 105 N   0.99001 0.00000 0.00999 0.00000 ( 1)
 106 T   0.97117 0.00003 0.02879 0.00001 ( 1)
 107 G   0.98309 0.00000 0.01691 0.00000 ( 1)
 108 D   0.93822 0.00048 0.06118 0.00012 ( 1)
 109 M   0.99292 0.00000 0.00708 0.00000 ( 1)
 110 Y   0.96650 0.00000 0.03350 0.00000 ( 1)
 111 F   0.96437 0.00016 0.03543 0.00004 ( 1)
 112 G   0.98079 0.00000 0.01921 0.00000 ( 1)
 113 I   0.89757 0.05852 0.02777 0.01615 ( 1)
 114 S   0.04238 0.00031 0.95724 0.00008 ( 3)
 115 R   0.03644 0.02892 0.92653 0.00811 ( 3)
 116 A   0.01052 0.00001 0.98947 0.00000 ( 3)
 117 P   0.94920 0.00003 0.05076 0.00001 ( 1)
 118 I   0.00576 0.03370 0.94966 0.01089 ( 3)
 119 V   0.60871 0.27116 0.04958 0.07055 ( 1)
 120 P   0.91920 0.00004 0.08076 0.00001 ( 1)
 121 F   0.89080 0.00003 0.10916 0.00001 ( 1)
 122 I   0.94694 0.00230 0.05015 0.00061 ( 1)
 123 V   0.95441 0.00000 0.04559 0.00000 ( 1)
 124 T   0.42733 0.00001 0.57266 0.00000 ( 3)
 125 S   0.97170 0.00000 0.02830 0.00000 ( 1)
 126 V   0.32645 0.00003 0.67352 0.00001 ( 3)
 127 S   0.00202 0.00038 0.99748 0.00013 ( 3)
 128 S   0.11886 0.00020 0.88090 0.00005 ( 3)
 129 W   0.96615 0.00000 0.03385 0.00000 ( 1)
 130 T   0.55704 0.01781 0.42153 0.00362 ( 1)
 131 N   0.98951 0.00000 0.01049 0.00000 ( 1)
 132 T   0.00076 0.78248 0.00006 0.21670 ( 2)
 133 G   0.97566 0.00000 0.02434 0.00000 ( 1)
 134 M   0.92861 0.01070 0.05842 0.00228 ( 1)
 135 M   0.93463 0.00000 0.06537 0.00000 ( 1)

