Supplemental results for CODEML (seqf: ../B8441-OG-Hil-PF11765-1-414.nuc  treef: ../p1-414-2r_all-cf1.nwk)


MLEs of dN/dS (w) for site classes (K=4)

site class             0        1       2a       2b
proportion       0.50868  0.04710  0.40657  0.03765
background w     0.11121  1.00000  0.11121  1.00000
foreground w     0.11121  1.00000  1.00000  1.00000

Naive Empirical Bayes (NEB) probabilities for 4 classes
(amino acids refer to 1st sequence: OG)

   1 I   0.00723 0.53089 0.03755 0.42433 ( 2)
   2 L   0.12202 0.00024 0.87756 0.00019 ( 3)
   3 Y   0.02300 0.49907 0.07904 0.39889 ( 2)
   4 F   0.02131 0.05215 0.88486 0.04168 ( 3)
   5 L   0.50236 0.00005 0.49754 0.00004 ( 1)
   6 A   0.41618 0.10772 0.39000 0.08610 ( 1)
   7 Q   0.17721 0.14444 0.56291 0.11544 ( 3)
   8 V   0.71475 0.00133 0.28286 0.00106 ( 1)
   9 F   0.02016 0.02787 0.92969 0.02228 ( 3)
  10 A   0.39551 0.00542 0.59473 0.00434 ( 3)
  11 V   0.06066 0.03769 0.87152 0.03012 ( 3)
  12 I   0.80895 0.00490 0.18224 0.00391 ( 1)
  13 V   0.78669 0.00000 0.21330 0.00000 ( 1)
  14 T   0.88224 0.00003 0.11771 0.00002 ( 1)
  15 E   0.42201 0.00001 0.57798 0.00001 ( 3)
  16 N   0.92528 0.00001 0.07470 0.00001 ( 1)
  17 T   0.88786 0.00009 0.11197 0.00007 ( 1)
  18 V   0.36918 0.00036 0.63017 0.00029 ( 3)
  19 Q   0.00088 0.54266 0.02274 0.43373 ( 2)
  20 I   0.09075 0.35076 0.27814 0.28035 ( 2)
  21 T   0.00029 0.29954 0.46076 0.23942 ( 3)
  22 T   0.16432 0.00406 0.82838 0.00324 ( 3)
  23 V   0.04966 0.02300 0.90896 0.01838 ( 3)
  24 D   0.69144 0.00316 0.30287 0.00252 ( 1)
  25 I   0.13998 0.07319 0.72833 0.05850 ( 3)
  26 T   0.00335 0.53796 0.02872 0.42997 ( 2)
  27 L   0.43627 0.00001 0.56371 0.00001 ( 3)
  28 G   0.88670 0.00001 0.11328 0.00001 ( 1)
  29 D   0.00945 0.00235 0.98632 0.00188 ( 3)
  30 L   0.92606 0.00000 0.07394 0.00000 ( 1)
  31 V   0.18918 0.02349 0.76855 0.01878 ( 3)
  32 V   0.74520 0.00001 0.25480 0.00000 ( 1)
  33 N   0.91741 0.00006 0.08248 0.00005 ( 1)
  34 A   0.07604 0.06270 0.81115 0.05011 ( 3)
  35 G   0.87988 0.00001 0.12011 0.00001 ( 1)
  36 V   0.87734 0.00000 0.12266 0.00000 ( 1)
  37 Y   0.90247 0.00000 0.09753 0.00000 ( 1)
  38 Y   0.10101 0.00021 0.89861 0.00017 ( 3)
  39 S   0.04987 0.00008 0.94998 0.00006 ( 3)
  40 I   0.92288 0.00000 0.07712 0.00000 ( 1)
  41 V   0.41291 0.00004 0.58701 0.00003 ( 3)
  42 D   0.90101 0.00000 0.09898 0.00000 ( 1)
  43 S   0.88328 0.00000 0.11671 0.00000 ( 1)
  44 A   0.44988 0.03172 0.49304 0.02535 ( 3)
  45 L   0.33005 0.00104 0.66807 0.00083 ( 3)
  46 V   0.11424 0.00016 0.88548 0.00013 ( 3)
  47 T   0.47505 0.00040 0.52423 0.00032 ( 3)
  48 L   0.91587 0.00011 0.08394 0.00009 ( 1)
  49 V   0.81365 0.00256 0.18174 0.00205 ( 1)
  50 G   0.88927 0.00000 0.11073 0.00000 ( 1)
  51 T   0.35156 0.02662 0.60054 0.02128 ( 3)
  52 V   0.31092 0.00018 0.68876 0.00014 ( 3)
  53 N   0.19989 0.00001 0.80010 0.00000 ( 3)
  54 V   0.90193 0.00001 0.09806 0.00000 ( 1)
  55 R   0.39048 0.00199 0.60594 0.00159 ( 3)
  56 G   0.89652 0.00000 0.10347 0.00000 ( 1)
  57 G   0.87410 0.00469 0.11746 0.00375 ( 1)
  58 F   0.94086 0.00000 0.05914 0.00000 ( 1)
  59 Y   0.90418 0.00000 0.09582 0.00000 ( 1)
  60 V   0.50949 0.00000 0.49050 0.00000 ( 1)
  61 T   0.89734 0.00000 0.10266 0.00000 ( 1)
  62 S   0.84684 0.00008 0.15301 0.00007 ( 1)
  63 A   0.00650 0.50892 0.07782 0.40676 ( 2)
  64 K   0.51260 0.00003 0.48734 0.00003 ( 1)
  65 D   0.02401 0.00064 0.97484 0.00051 ( 3)
  66 L   0.54982 0.00004 0.45012 0.00003 ( 1)
  67 T   0.04262 0.00150 0.95468 0.00120 ( 3)
  68 S   0.74351 0.00039 0.25579 0.00031 ( 1)
  69 S   0.43253 0.00001 0.56746 0.00000 ( 3)
  70 V   0.89478 0.00001 0.10521 0.00001 ( 1)
  71 V   0.02489 0.31456 0.40912 0.25142 ( 3)
  72 M   0.74495 0.03300 0.19568 0.02638 ( 1)
  73 T   0.19243 0.00150 0.80487 0.00120 ( 3)
  74 G   0.39997 0.00222 0.59603 0.00177 ( 3)
  75 G   0.86596 0.00001 0.13402 0.00001 ( 1)
  76 I   0.81825 0.00069 0.18051 0.00055 ( 1)
  77 F   0.79667 0.00001 0.20332 0.00001 ( 1)
  78 V   0.00402 0.13639 0.75058 0.10901 ( 3)
  79 N   0.92219 0.00000 0.07781 0.00000 ( 1)
  80 S   0.90019 0.00009 0.09965 0.00007 ( 1)
  81 G   0.86348 0.00000 0.13652 0.00000 ( 1)
  82 T   0.14619 0.42484 0.08941 0.33956 ( 2)
  83 V   0.76693 0.00002 0.23304 0.00001 ( 1)
  84 S   0.77151 0.00021 0.22811 0.00017 ( 1)
  85 F   0.94383 0.00000 0.05617 0.00000 ( 1)
  86 N   0.12252 0.00001 0.87747 0.00001 ( 3)
  87 S   0.47584 0.00001 0.52415 0.00000 ( 3)
  88 L   0.91544 0.00053 0.08360 0.00043 ( 1)
  89 S   0.06593 0.02936 0.88125 0.02346 ( 3)
  90 S   0.74904 0.00001 0.25094 0.00001 ( 1)
  91 K   0.66874 0.05419 0.23376 0.04331 ( 1)
  92 L   0.41111 0.03354 0.52854 0.02681 ( 3)
  93 L   0.65998 0.00649 0.32834 0.00519 ( 1)
  94 S   0.85081 0.02614 0.10216 0.02089 ( 1)
  95 T   0.15072 0.00670 0.83723 0.00535 ( 3)
  96 Y   0.89796 0.00004 0.10196 0.00004 ( 1)
  97 G   0.44854 0.00007 0.55133 0.00005 ( 3)
  98 I   0.24522 0.00031 0.75422 0.00025 ( 3)
  99 T   0.53959 0.00002 0.46038 0.00002 ( 1)
 100 V   0.60005 0.00002 0.39991 0.00002 ( 1)
 101 G   0.41175 0.00002 0.58822 0.00002 ( 3)
 102 S   0.00189 0.43364 0.21787 0.34660 ( 2)
 103 F   0.94428 0.00000 0.05572 0.00000 ( 1)
 104 E   0.00760 0.16833 0.68953 0.13454 ( 3)
 105 N   0.92214 0.00000 0.07786 0.00000 ( 1)
 106 T   0.89421 0.00011 0.10559 0.00009 ( 1)
 107 G   0.89744 0.00000 0.10256 0.00000 ( 1)
 108 D   0.77868 0.00114 0.21928 0.00091 ( 1)
 109 M   0.95001 0.00000 0.04999 0.00000 ( 1)
 110 Y   0.88588 0.00000 0.11411 0.00000 ( 1)
 111 F   0.92698 0.00011 0.07281 0.00009 ( 1)
 112 G   0.05331 0.00001 0.94667 0.00001 ( 3)
 113 I   0.88016 0.01570 0.09160 0.01255 ( 1)
 114 S   0.12578 0.00990 0.85641 0.00791 ( 3)
 115 R   0.01614 0.01311 0.96028 0.01048 ( 3)
 116 A   0.04542 0.00025 0.95413 0.00020 ( 3)
 117 P   0.44300 0.00041 0.55625 0.00033 ( 3)
 118 I   0.00707 0.01939 0.95804 0.01550 ( 3)
 119 V   0.06284 0.09104 0.77335 0.07277 ( 3)
 120 P   0.88425 0.00002 0.11572 0.00001 ( 1)
 121 F   0.80331 0.00011 0.19649 0.00009 ( 1)
 122 I   0.49709 0.00408 0.49558 0.00326 ( 1)
 123 V   0.73068 0.00000 0.26931 0.00000 ( 1)
 124 T   0.30149 0.00033 0.69791 0.00026 ( 3)
 125 S   0.90770 0.00000 0.09230 0.00000 ( 1)
 126 V   0.11304 0.00014 0.88670 0.00011 ( 3)
 127 S   0.05811 0.00216 0.93800 0.00173 ( 3)
 128 S   0.09502 0.00095 0.90327 0.00076 ( 3)
 129 W   0.89569 0.00000 0.10430 0.00000 ( 1)
 130 T   0.17848 0.05651 0.71985 0.04517 ( 3)
 131 N   0.92220 0.00000 0.07780 0.00000 ( 1)
 132 T   0.02290 0.54103 0.00365 0.43243 ( 2)
 133 G   0.89561 0.00000 0.10438 0.00000 ( 1)
 134 M   0.31585 0.01254 0.66158 0.01002 ( 3)
 135 M   0.81411 0.00000 0.18588 0.00000 ( 1)


lnL = -3398.383196

