Supplemental results for CODEML (seqf: ../B8441-OG-Hil-PF11765-1-414.nuc  treef: ../p1-414-2r_all-cf1.nwk)


MLEs of dN/dS (w) for site classes (K=4)

site class             0        1       2a       2b
proportion       0.81482  0.03860  0.13996  0.00663
background w     0.02355  1.00000  0.02355  1.00000
foreground w     0.02355  1.00000  1.00000  1.00000

Naive Empirical Bayes (NEB) probabilities for 4 classes
(amino acids refer to 1st sequence: OG)

   1 I   0.00329 0.84343 0.00841 0.14487 ( 2)
   2 L   0.13921 0.00000 0.86079 0.00000 ( 3)
   3 Y   0.79279 0.13683 0.04687 0.02350 ( 1)
   4 F   0.56568 0.00215 0.43180 0.00037 ( 1)
   5 L   0.99763 0.00000 0.00237 0.00000 ( 1)
   6 A   0.66414 0.14959 0.16057 0.02569 ( 1)
   7 Q   0.71783 0.09532 0.17048 0.01637 ( 1)
   8 V   0.96657 0.00253 0.03046 0.00043 ( 1)
   9 F   0.54970 0.00018 0.45009 0.00003 ( 1)
  10 A   0.98726 0.00014 0.01257 0.00002 ( 1)
  11 V   0.95876 0.00101 0.04006 0.00017 ( 1)
  12 I   0.98511 0.00013 0.01474 0.00002 ( 1)
  13 V   0.98426 0.00000 0.01574 0.00000 ( 1)
  14 T   0.98955 0.00000 0.01045 0.00000 ( 1)
  15 E   0.99704 0.00000 0.00296 0.00000 ( 1)
  16 N   0.99565 0.00000 0.00434 0.00000 ( 1)
  17 T   0.99415 0.00001 0.00584 0.00000 ( 1)
  18 V   0.98758 0.00002 0.01240 0.00000 ( 1)
  19 Q   0.00314 0.72277 0.14994 0.12415 ( 2)
  20 I   0.78703 0.10729 0.08725 0.01843 ( 1)
  21 T   0.00455 0.16741 0.79929 0.02876 ( 3)
  22 T   0.86695 0.00001 0.13303 0.00000 ( 1)
  23 V   0.92423 0.03463 0.03519 0.00595 ( 1)
  24 D   0.92335 0.00018 0.07643 0.00003 ( 1)
  25 I   0.60746 0.00114 0.39120 0.00020 ( 1)
  26 T   0.06265 0.76747 0.03805 0.13183 ( 2)
  27 L   0.73947 0.00000 0.26053 0.00000 ( 1)
  28 G   0.99515 0.00000 0.00485 0.00000 ( 1)
  29 D   0.46497 0.00376 0.53062 0.00065 ( 3)
  30 L   0.99856 0.00000 0.00144 0.00000 ( 1)
  31 V   0.76382 0.00119 0.23478 0.00020 ( 1)
  32 V   0.98385 0.00000 0.01615 0.00000 ( 1)
  33 N   0.99639 0.00000 0.00361 0.00000 ( 1)
  34 A   0.38678 0.00099 0.61205 0.00017 ( 3)
  35 G   0.99523 0.00000 0.00477 0.00000 ( 1)
  36 V   0.99276 0.00000 0.00724 0.00000 ( 1)
  37 Y   0.99735 0.00000 0.00265 0.00000 ( 1)
  38 Y   0.98694 0.00000 0.01305 0.00000 ( 1)
  39 S   0.97582 0.00000 0.02418 0.00000 ( 1)
  40 I   0.99446 0.00000 0.00554 0.00000 ( 1)
  41 V   0.99132 0.00000 0.00868 0.00000 ( 1)
  42 D   0.99340 0.00000 0.00660 0.00000 ( 1)
  43 S   0.99350 0.00000 0.00650 0.00000 ( 1)
  44 A   0.98484 0.00408 0.01038 0.00070 ( 1)
  45 L   0.98396 0.00000 0.01604 0.00000 ( 1)
  46 V   0.77840 0.00001 0.22159 0.00000 ( 1)
  47 T   0.69538 0.00005 0.30456 0.00001 ( 1)
  48 L   0.99705 0.00000 0.00295 0.00000 ( 1)
  49 V   0.98723 0.00001 0.01276 0.00000 ( 1)
  50 G   0.99558 0.00000 0.00442 0.00000 ( 1)
  51 T   0.74684 0.00371 0.24881 0.00064 ( 1)
  52 V   0.94380 0.00000 0.05620 0.00000 ( 1)
  53 N   0.87618 0.00000 0.12382 0.00000 ( 1)
  54 V   0.99471 0.00000 0.00529 0.00000 ( 1)
  55 R   0.66260 0.00001 0.33738 0.00000 ( 1)
  56 G   0.99607 0.00000 0.00393 0.00000 ( 1)
  57 G   0.99365 0.00037 0.00592 0.00006 ( 1)
  58 F   0.99707 0.00000 0.00293 0.00000 ( 1)
  59 Y   0.99760 0.00000 0.00240 0.00000 ( 1)
  60 V   0.99167 0.00000 0.00833 0.00000 ( 1)
  61 T   0.99446 0.00000 0.00554 0.00000 ( 1)
  62 S   0.99174 0.00000 0.00826 0.00000 ( 1)
  63 A   0.44019 0.44314 0.04056 0.07612 ( 2)
  64 K   0.99505 0.00000 0.00495 0.00000 ( 1)
  65 D   0.86955 0.00000 0.13045 0.00000 ( 1)
  66 L   0.99600 0.00000 0.00400 0.00000 ( 1)
  67 T   0.89455 0.00024 0.10517 0.00004 ( 1)
  68 S   0.95596 0.00001 0.04403 0.00000 ( 1)
  69 S   0.99359 0.00000 0.00641 0.00000 ( 1)
  70 V   0.99168 0.00000 0.00832 0.00000 ( 1)
  71 V   0.23180 0.26031 0.46318 0.04471 ( 3)
  72 M   0.91899 0.02101 0.05639 0.00361 ( 1)
  73 T   0.47954 0.00008 0.52036 0.00001 ( 3)
  74 G   0.89537 0.00000 0.10463 0.00000 ( 1)
  75 G   0.99505 0.00000 0.00495 0.00000 ( 1)
  76 I   0.98029 0.00002 0.01969 0.00000 ( 1)
  77 F   0.97917 0.00000 0.02083 0.00000 ( 1)
  78 V   0.09955 0.02151 0.87525 0.00369 ( 3)
  79 N   0.99735 0.00000 0.00265 0.00000 ( 1)
  80 S   0.99234 0.00000 0.00766 0.00000 ( 1)
  81 G   0.99611 0.00000 0.00389 0.00000 ( 1)
  82 T   0.88106 0.07432 0.03186 0.01277 ( 1)
  83 V   0.99188 0.00000 0.00812 0.00000 ( 1)
  84 S   0.97020 0.00001 0.02979 0.00000 ( 1)
  85 F   0.99755 0.00000 0.00245 0.00000 ( 1)
  86 N   0.99481 0.00000 0.00519 0.00000 ( 1)
  87 S   0.99369 0.00000 0.00631 0.00000 ( 1)
  88 L   0.99697 0.00000 0.00303 0.00000 ( 1)
  89 S   0.43824 0.00008 0.56167 0.00001 ( 3)
  90 S   0.95790 0.00000 0.04210 0.00000 ( 1)
  91 K   0.89998 0.00888 0.08961 0.00153 ( 1)
  92 L   0.94053 0.00178 0.05738 0.00031 ( 1)
  93 L   0.92788 0.00016 0.07193 0.00003 ( 1)
  94 S   0.99194 0.00034 0.00767 0.00006 ( 1)
  95 T   0.96472 0.00029 0.03494 0.00005 ( 1)
  96 Y   0.99641 0.00000 0.00359 0.00000 ( 1)
  97 G   0.98426 0.00000 0.01574 0.00000 ( 1)
  98 I   0.92897 0.00000 0.07103 0.00000 ( 1)
  99 T   0.82036 0.00000 0.17964 0.00000 ( 1)
 100 V   0.92287 0.00000 0.07712 0.00000 ( 1)
 101 G   0.99315 0.00000 0.00685 0.00000 ( 1)
 102 S   0.01911 0.34077 0.58159 0.05853 ( 3)
 103 F   0.99754 0.00000 0.00246 0.00000 ( 1)
 104 E   0.00204 0.00163 0.99605 0.00028 ( 3)
 105 N   0.99735 0.00000 0.00265 0.00000 ( 1)
 106 T   0.98845 0.00001 0.01154 0.00000 ( 1)
 107 G   0.99609 0.00000 0.00391 0.00000 ( 1)
 108 D   0.97862 0.00002 0.02135 0.00000 ( 1)
 109 M   0.99916 0.00000 0.00084 0.00000 ( 1)
 110 Y   0.99438 0.00000 0.00562 0.00000 ( 1)
 111 F   0.97935 0.00001 0.02064 0.00000 ( 1)
 112 G   0.99469 0.00000 0.00531 0.00000 ( 1)
 113 I   0.96105 0.02041 0.01504 0.00351 ( 1)
 114 S   0.18610 0.00004 0.81385 0.00001 ( 3)
 115 R   0.09861 0.00097 0.90025 0.00017 ( 3)
 116 A   0.05360 0.00000 0.94640 0.00000 ( 3)
 117 P   0.97825 0.00000 0.02175 0.00000 ( 1)
 118 I   0.00934 0.00029 0.99031 0.00005 ( 3)
 119 V   0.82824 0.12338 0.02720 0.02119 ( 1)
 120 P   0.99045 0.00000 0.00955 0.00000 ( 1)
 121 F   0.95542 0.00001 0.04457 0.00000 ( 1)
 122 I   0.98047 0.00072 0.01869 0.00012 ( 1)
 123 V   0.98716 0.00000 0.01284 0.00000 ( 1)
 124 T   0.64890 0.00000 0.35110 0.00000 ( 1)
 125 S   0.99394 0.00000 0.00606 0.00000 ( 1)
 126 V   0.66667 0.00000 0.33333 0.00000 ( 1)
 127 S   0.00605 0.00005 0.99389 0.00001 ( 3)
 128 S   0.36772 0.00003 0.63225 0.00001 ( 3)
 129 W   0.99431 0.00000 0.00569 0.00000 ( 1)
 130 T   0.77407 0.00009 0.22582 0.00002 ( 1)
 131 N   0.99735 0.00000 0.00265 0.00000 ( 1)
 132 T   0.01151 0.84313 0.00054 0.14482 ( 2)
 133 G   0.99585 0.00000 0.00415 0.00000 ( 1)
 134 M   0.98098 0.00026 0.01872 0.00004 ( 1)
 135 M   0.97762 0.00000 0.02238 0.00000 ( 1)


lnL = -3342.942643

