Supplemental results for CODEML (seqf: ../B8441-OG-Hil-PF11765-697-981.nuc  treef: ../p697-981-2r_all-cf1.nwk)


MLEs of dN/dS (w) for site classes (K=4)

site class             0        1       2a       2b
proportion       0.62374  0.15827  0.17387  0.04412
background w     0.04483  1.00000  0.04483  1.00000
foreground w     0.04483  1.00000  7.95989  7.95989

Naive Empirical Bayes (NEB) probabilities for 4 classes
(amino acids refer to 1st sequence: OG)

   1 L   0.99357 0.00000 0.00643 0.00000 ( 1)
   2 A   0.00070 0.00003 0.99926 0.00001 ( 3)
   3 P   0.97214 0.00009 0.02776 0.00001 ( 1)
   4 G   0.97585 0.00082 0.02325 0.00008 ( 1)
   5 T   0.97419 0.00018 0.02563 0.00001 ( 1)
   6 I   0.96167 0.00085 0.03740 0.00008 ( 1)
   7 I   0.99168 0.00001 0.00831 0.00000 ( 1)
   8 K   0.96881 0.01336 0.01486 0.00297 ( 1)
   9 V   0.97467 0.00000 0.02533 0.00000 ( 1)
  10 A   0.00427 0.78949 0.00852 0.19771 ( 2)
  11 G   0.98847 0.00000 0.01153 0.00000 ( 1)
  12 F   0.99287 0.00000 0.00713 0.00000 ( 1)
  13 G   0.97132 0.00000 0.02868 0.00000 ( 1)
  14 D   0.62390 0.23017 0.11226 0.03367 ( 1)
  15 G   0.96655 0.00003 0.03342 0.00000 ( 1)
  16 N   0.99655 0.00000 0.00345 0.00000 ( 1)
  17 V   0.00887 0.87326 0.00119 0.11668 ( 2)
  18 I   0.99545 0.00000 0.00455 0.00000 ( 1)
  19 A   0.00008 0.87081 0.00224 0.12688 ( 2)
  20 V   0.98629 0.00009 0.01361 0.00001 ( 1)
  21 N   0.99677 0.00000 0.00323 0.00000 ( 1)
  22 L   0.98503 0.00001 0.01496 0.00000 ( 1)
  23 L   0.98554 0.00002 0.01444 0.00000 ( 1)
  24 F   0.99637 0.00000 0.00363 0.00000 ( 1)
  25 L   0.00003 0.00807 0.98871 0.00320 ( 3)
  26 S   0.01309 0.87026 0.00025 0.11639 ( 2)
  27 H   0.82898 0.00843 0.16123 0.00136 ( 1)
  28 S   0.00022 0.22934 0.66710 0.10333 ( 3)
  29 Y   0.99390 0.00000 0.00610 0.00000 ( 1)
  30 S   0.00000 0.74337 0.00000 0.25663 ( 2)
  31 P   0.41166 0.03761 0.54475 0.00598 ( 3)
  32 T   0.29715 0.01029 0.69040 0.00217 ( 3)
  33 G   0.00301 0.03293 0.95302 0.01105 ( 3)
  34 L   0.98205 0.00000 0.01795 0.00000 ( 1)
  35 L   0.90681 0.00026 0.09292 0.00002 ( 1)
  36 T   0.98494 0.00000 0.01506 0.00000 ( 1)
  37 L   0.96545 0.00001 0.03453 0.00000 ( 1)
  38 S   0.99601 0.00000 0.00398 0.00000 ( 1)
  39 L   0.93040 0.00000 0.06959 0.00000 ( 1)
  40 T   0.84750 0.11580 0.03181 0.00490 ( 1)
  41 P   0.98565 0.00000 0.01435 0.00000 ( 1)
  42 L   0.39323 0.53262 0.01325 0.06091 ( 2)
  43 L   0.99640 0.00000 0.00360 0.00000 ( 1)
  44 K   0.98450 0.00000 0.01550 0.00000 ( 1)
  45 I   0.36926 0.00004 0.63069 0.00001 ( 3)
  46 V   0.07478 0.36125 0.48914 0.07483 ( 3)
  47 F   0.99610 0.00000 0.00390 0.00000 ( 1)
  48 D   0.00425 0.00260 0.99284 0.00030 ( 3)
  49 I   0.98564 0.00000 0.01436 0.00000 ( 1)
  50 G   0.94694 0.00000 0.05306 0.00000 ( 1)
  51 T   0.00086 0.09573 0.84232 0.06110 ( 3)
  52 G   0.98728 0.00000 0.01272 0.00000 ( 1)
  53 Y   0.99436 0.00000 0.00564 0.00000 ( 1)
  54 D   0.00281 0.03097 0.95627 0.00995 ( 3)
  55 S   0.00029 0.80036 0.00955 0.18981 ( 2)
  56 A   0.00262 0.88336 0.00081 0.11321 ( 2)
  57 L   0.00002 0.76767 0.00112 0.23119 ( 2)
  58 F   0.99345 0.00000 0.00655 0.00000 ( 1)
  59 I   0.00001 0.75253 0.00019 0.24727 ( 2)
  60 T   0.99191 0.00000 0.00809 0.00000 ( 1)
  61 A   0.99121 0.00001 0.00878 0.00000 ( 1)
  62 A   0.98939 0.00000 0.01060 0.00000 ( 1)
  63 V   0.00015 0.02447 0.96390 0.01148 ( 3)
  64 L   0.00023 0.00283 0.99415 0.00279 ( 3)
  65 I   0.12953 0.11754 0.73209 0.02084 ( 3)
  66 G   0.98156 0.00000 0.01844 0.00000 ( 1)
  67 K   0.97754 0.00032 0.02211 0.00003 ( 1)
  68 G   0.00000 0.86833 0.00000 0.13167 ( 2)
  69 I   0.99435 0.00000 0.00565 0.00000 ( 1)
  70 S   0.11822 0.77754 0.00277 0.10147 ( 2)
  71 Y   0.99431 0.00000 0.00569 0.00000 ( 1)
  72 S   0.00263 0.00098 0.99598 0.00041 ( 3)
  73 G   0.04226 0.74401 0.00469 0.20904 ( 2)
  74 R   0.11063 0.31062 0.51632 0.06243 ( 3)
  75 P   0.87945 0.00243 0.11792 0.00020 ( 1)
  76 P   0.95633 0.00000 0.04366 0.00000 ( 1)
  77 N   0.93835 0.01393 0.04639 0.00134 ( 1)
  78 N   0.00000 0.60151 0.00014 0.39835 ( 2)
  79 P   0.03669 0.76849 0.08194 0.11287 ( 2)
  80 P   0.96008 0.00000 0.03992 0.00000 ( 1)
  81 S   0.99637 0.00000 0.00362 0.00000 ( 1)
  82 T   0.00020 0.82659 0.00487 0.16834 ( 2)
  83 C   0.98802 0.00000 0.01198 0.00000 ( 1)
  84 S   0.00000 0.82763 0.00000 0.17237 ( 2)
  85 C   0.98882 0.00000 0.01118 0.00000 ( 1)
  86 T   0.00000 0.00883 0.98153 0.00964 ( 3)
  87 P   0.88927 0.00706 0.10274 0.00093 ( 1)
  88 F   0.99631 0.00000 0.00369 0.00000 ( 1)
  89 P   0.93334 0.00000 0.06666 0.00000 ( 1)
  90 D   0.12630 0.05403 0.81279 0.00688 ( 3)
  91 Y   0.92526 0.01331 0.06004 0.00139 ( 1)


lnL = -2311.326628

Bayes Empirical Bayes (BEB) probabilities for 4 classes (class)
(amino acids refer to 1st sequence: OG)

   1 L   0.98937 0.00000 0.01063 0.00000 ( 1)
   2 A   0.00099 0.00003 0.99896 0.00002 ( 3)
   3 P   0.96576 0.00008 0.03415 0.00001 ( 1)
   4 G   0.97054 0.00065 0.02873 0.00007 ( 1)
   5 T   0.96924 0.00015 0.03061 0.00001 ( 1)
   6 I   0.95425 0.00075 0.04493 0.00008 ( 1)
   7 I   0.98771 0.00001 0.01228 0.00000 ( 1)
   8 K   0.96722 0.01030 0.02001 0.00247 ( 1)
   9 V   0.96811 0.00000 0.03189 0.00000 ( 1)
  10 A   0.00841 0.77516 0.01337 0.20306 ( 2)
  11 G   0.98325 0.00000 0.01675 0.00000 ( 1)
  12 F   0.98880 0.00000 0.01120 0.00000 ( 1)
  13 G   0.96465 0.00000 0.03535 0.00000 ( 1)
  14 D   0.69083 0.16977 0.11236 0.02703 ( 1)
  15 G   0.95936 0.00003 0.04060 0.00000 ( 1)
  16 N   0.99393 0.00000 0.00607 0.00000 ( 1)
  17 V   0.01694 0.85629 0.00221 0.12455 ( 2)
  18 I   0.99257 0.00000 0.00743 0.00000 ( 1)
  19 A   0.00018 0.85962 0.00395 0.13625 ( 2)
  20 V   0.98137 0.00009 0.01852 0.00001 ( 1)
  21 N   0.99423 0.00000 0.00577 0.00000 ( 1)
  22 L   0.97890 0.00001 0.02109 0.00000 ( 1)
  23 L   0.98021 0.00002 0.01977 0.00000 ( 1)
  24 F   0.99360 0.00000 0.00640 0.00000 ( 1)
  25 L   0.00005 0.00823 0.98859 0.00314 ( 3)
  26 S   0.02360 0.85189 0.00058 0.12393 ( 2)
  27 H   0.85093 0.00664 0.14127 0.00116 ( 1)
  28 S   0.00040 0.20667 0.70207 0.09087 ( 3)
  29 Y   0.99010 0.00000 0.00990 0.00000 ( 1)
  30 S   0.00000 0.73782 0.00000 0.26218 ( 2)
  31 P   0.44038 0.02732 0.52793 0.00437 ( 3)
  32 T   0.32168 0.00829 0.66832 0.00172 ( 3)
  33 G   0.00430 0.03124 0.95438 0.01008 ( 3)
  34 L   0.97548 0.00000 0.02452 0.00000 ( 1)
  35 L   0.91102 0.00022 0.08873 0.00002 ( 1)
  36 T   0.97899 0.00000 0.02101 0.00000 ( 1)
  37 L   0.95875 0.00001 0.04124 0.00000 ( 1)
  38 S   0.99326 0.00000 0.00674 0.00000 ( 1)
  39 L   0.93215 0.00000 0.06785 0.00000 ( 1)
  40 T   0.87957 0.07845 0.03779 0.00419 ( 1)
  41 P   0.98051 0.00000 0.01948 0.00000 ( 1)
  42 L   0.48504 0.43920 0.01984 0.05592 ( 1)
  43 L   0.99366 0.00000 0.00634 0.00000 ( 1)
  44 K   0.97831 0.00000 0.02169 0.00000 ( 1)
  45 I   0.39757 0.00004 0.60238 0.00001 ( 3)
  46 V   0.09975 0.29658 0.54173 0.06194 ( 3)
  47 F   0.99324 0.00000 0.00676 0.00000 ( 1)
  48 D   0.00624 0.00257 0.99090 0.00029 ( 3)
  49 I   0.98083 0.00000 0.01917 0.00000 ( 1)
  50 G   0.93860 0.00000 0.06140 0.00000 ( 1)
  51 T   0.00118 0.08607 0.86063 0.05212 ( 3)
  52 G   0.98245 0.00000 0.01755 0.00000 ( 1)
  53 Y   0.99069 0.00000 0.00931 0.00000 ( 1)
  54 D   0.00371 0.03442 0.95124 0.01063 ( 3)
  55 S   0.00063 0.78770 0.01573 0.19594 ( 2)
  56 A   0.00528 0.87145 0.00141 0.12185 ( 2)
  57 L   0.00005 0.76025 0.00202 0.23768 ( 2)
  58 F   0.99030 0.00000 0.00970 0.00000 ( 1)
  59 I   0.00002 0.74636 0.00034 0.25328 ( 2)
  60 T   0.98848 0.00000 0.01152 0.00000 ( 1)
  61 A   0.98846 0.00001 0.01153 0.00000 ( 1)
  62 A   0.98480 0.00000 0.01520 0.00000 ( 1)
  63 V   0.00025 0.02401 0.96500 0.01075 ( 3)
  64 L   0.00033 0.00319 0.99361 0.00287 ( 3)
  65 I   0.16480 0.09416 0.72409 0.01695 ( 3)
  66 G   0.97564 0.00000 0.02436 0.00000 ( 1)
  67 K   0.97308 0.00028 0.02661 0.00003 ( 1)
  68 G   0.00000 0.85919 0.00000 0.14081 ( 2)
  69 I   0.99110 0.00000 0.00890 0.00000 ( 1)
  70 S   0.17994 0.71317 0.00514 0.10174 ( 2)
  71 Y   0.99066 0.00000 0.00934 0.00000 ( 1)
  72 S   0.00375 0.00116 0.99462 0.00046 ( 3)
  73 G   0.06514 0.71742 0.00747 0.20997 ( 2)
  74 R   0.13695 0.25557 0.55550 0.05197 ( 3)
  75 P   0.89423 0.00176 0.10384 0.00017 ( 1)
  76 P   0.94800 0.00000 0.05200 0.00000 ( 1)
  77 N   0.93871 0.01022 0.04995 0.00112 ( 1)
  78 N   0.00000 0.60204 0.00025 0.39771 ( 2)
  79 P   0.06347 0.69723 0.12969 0.10962 ( 2)
  80 P   0.95195 0.00000 0.04805 0.00000 ( 1)
  81 S   0.99380 0.00000 0.00619 0.00000 ( 1)
  82 T   0.00043 0.81612 0.00736 0.17608 ( 2)
  83 C   0.98257 0.00000 0.01743 0.00000 ( 1)
  84 S   0.00000 0.81930 0.00000 0.18070 ( 2)
  85 C   0.98358 0.00000 0.01642 0.00000 ( 1)
  86 T   0.00000 0.00884 0.98243 0.00872 ( 3)
  87 P   0.91017 0.00490 0.08421 0.00071 ( 1)
  88 F   0.99355 0.00000 0.00645 0.00000 ( 1)
  89 P   0.92438 0.00000 0.07562 0.00000 ( 1)
  90 D   0.14968 0.04640 0.79795 0.00598 ( 3)
  91 Y   0.92074 0.01045 0.06757 0.00124 ( 1)

