Supplemental results for CODEML (seqf: ../B8441-OG-Hil-PF11765-697-981.nuc  treef: ../p697-981-2r_all-cf1.nwk)


MLEs of dN/dS (w) for site classes (K=4)

site class             0        1       2a       2b
proportion       0.54831  0.24665  0.14142  0.06362
background w     0.06954  1.00000  0.06954  1.00000
foreground w     0.06954  1.00000  1.00000  1.00000

Naive Empirical Bayes (NEB) probabilities for 4 classes
(amino acids refer to 1st sequence: OG)

   1 L   0.93197 0.00005 0.06797 0.00001 ( 1)
   2 A   0.04436 0.00147 0.95380 0.00038 ( 3)
   3 P   0.90694 0.00391 0.08814 0.00101 ( 1)
   4 G   0.85541 0.05144 0.07988 0.01327 ( 1)
   5 T   0.89423 0.01275 0.08974 0.00329 ( 1)
   6 I   0.89988 0.00727 0.09098 0.00187 ( 1)
   7 I   0.91149 0.00328 0.08438 0.00085 ( 1)
   8 K   0.75376 0.13443 0.07713 0.03467 ( 1)
   9 V   0.92423 0.00000 0.07577 0.00000 ( 1)
  10 A   0.00030 0.79447 0.00032 0.20492 ( 2)
  11 G   0.91929 0.00000 0.08071 0.00000 ( 1)
  12 F   0.94803 0.00000 0.05197 0.00000 ( 1)
  13 G   0.91456 0.00000 0.08543 0.00000 ( 1)
  14 D   0.04917 0.74862 0.00913 0.19309 ( 2)
  15 G   0.91158 0.00057 0.08770 0.00015 ( 1)
  16 N   0.92938 0.00000 0.07062 0.00000 ( 1)
  17 V   0.00079 0.79425 0.00010 0.20486 ( 2)
  18 I   0.92898 0.00000 0.07102 0.00000 ( 1)
  19 A   0.00001 0.79493 0.00003 0.20503 ( 2)
  20 V   0.90735 0.00085 0.09158 0.00022 ( 1)
  21 N   0.92939 0.00000 0.07061 0.00000 ( 1)
  22 L   0.93499 0.00059 0.06426 0.00015 ( 1)
  23 L   0.91568 0.00225 0.08149 0.00058 ( 1)
  24 F   0.94512 0.00000 0.05488 0.00000 ( 1)
  25 L   0.00306 0.11025 0.85826 0.02844 ( 3)
  26 S   0.00037 0.79464 0.00004 0.20496 ( 2)
  27 H   0.53008 0.30048 0.09193 0.07750 ( 1)
  28 S   0.00025 0.78388 0.01369 0.20218 ( 2)
  29 Y   0.91960 0.00000 0.08040 0.00000 ( 1)
  30 S   0.00000 0.79496 0.00000 0.20504 ( 2)
  31 P   0.24696 0.32368 0.34587 0.08349 ( 3)
  32 T   0.26874 0.20169 0.47755 0.05202 ( 3)
  33 G   0.03307 0.22257 0.68695 0.05741 ( 3)
  34 L   0.93317 0.00000 0.06683 0.00000 ( 1)
  35 L   0.88480 0.00556 0.10820 0.00143 ( 1)
  36 T   0.93778 0.00004 0.06217 0.00001 ( 1)
  37 L   0.92142 0.00012 0.07842 0.00003 ( 1)
  38 S   0.94347 0.00066 0.05570 0.00017 ( 1)
  39 L   0.87811 0.00044 0.12133 0.00011 ( 1)
  40 T   0.40743 0.44230 0.03619 0.11408 ( 2)
  41 P   0.91718 0.00047 0.08223 0.00012 ( 1)
  42 L   0.06176 0.74085 0.00630 0.19108 ( 2)
  43 L   0.94502 0.00000 0.05498 0.00000 ( 1)
  44 K   0.91393 0.00009 0.08595 0.00002 ( 1)
  45 I   0.47499 0.00015 0.52481 0.00004 ( 3)
  46 V   0.01307 0.73693 0.05993 0.19007 ( 2)
  47 F   0.94502 0.00000 0.05498 0.00000 ( 1)
  48 D   0.04633 0.06444 0.87262 0.01662 ( 3)
  49 I   0.92887 0.00000 0.07113 0.00000 ( 1)
  50 G   0.91118 0.00000 0.08882 0.00000 ( 1)
  51 T   0.01009 0.60527 0.22853 0.15612 ( 2)
  52 G   0.91187 0.00000 0.08813 0.00000 ( 1)
  53 Y   0.91946 0.00000 0.08054 0.00000 ( 1)
  54 D   0.05030 0.01370 0.93247 0.00353 ( 3)
  55 S   0.00003 0.79461 0.00041 0.20495 ( 2)
  56 A   0.00016 0.79474 0.00012 0.20498 ( 2)
  57 L   0.00001 0.79494 0.00002 0.20503 ( 2)
  58 F   0.94393 0.00001 0.05606 0.00000 ( 1)
  59 I   0.00000 0.79495 0.00001 0.20504 ( 2)
  60 T   0.91434 0.00005 0.08560 0.00001 ( 1)
  61 A   0.92374 0.00108 0.07491 0.00028 ( 1)
  62 A   0.91236 0.00067 0.08680 0.00017 ( 1)
  63 V   0.00484 0.43813 0.44402 0.11301 ( 3)
  64 L   0.01082 0.31426 0.59387 0.08106 ( 3)
  65 I   0.06069 0.67450 0.09084 0.17397 ( 2)
  66 G   0.91865 0.00005 0.08129 0.00001 ( 1)
  67 K   0.90116 0.01092 0.08510 0.00282 ( 1)
  68 G   0.00000 0.79496 0.00000 0.20504 ( 2)
  69 I   0.92948 0.00000 0.07052 0.00000 ( 1)
  70 S   0.00815 0.78767 0.00101 0.20316 ( 2)
  71 Y   0.91896 0.00029 0.08068 0.00007 ( 1)
  72 S   0.02427 0.00364 0.97115 0.00094 ( 3)
  73 G   0.01209 0.78365 0.00213 0.20212 ( 2)
  74 R   0.06098 0.67432 0.09078 0.17392 ( 2)
  75 P   0.39408 0.43399 0.05999 0.11194 ( 2)
  76 P   0.91829 0.00004 0.08165 0.00001 ( 1)
  77 N   0.66341 0.21208 0.06980 0.05470 ( 1)
  78 N   0.00000 0.79487 0.00011 0.20502 ( 2)
  79 P   0.01680 0.76477 0.02117 0.19726 ( 2)
  80 P   0.92364 0.00000 0.07636 0.00000 ( 1)
  81 S   0.92849 0.00010 0.07138 0.00003 ( 1)
  82 T   0.00005 0.79461 0.00040 0.20495 ( 2)
  83 C   0.93439 0.00000 0.06561 0.00000 ( 1)
  84 S   0.00000 0.79496 0.00000 0.20504 ( 2)
  85 C   0.93204 0.00000 0.06796 0.00000 ( 1)
  86 T   0.00011 0.67239 0.15407 0.17343 ( 2)
  87 P   0.33844 0.49937 0.03339 0.12880 ( 2)
  88 F   0.94492 0.00001 0.05506 0.00000 ( 1)
  89 P   0.91900 0.00000 0.08100 0.00000 ( 1)
  90 D   0.21780 0.30922 0.39322 0.07976 ( 3)
  91 Y   0.90567 0.01106 0.08041 0.00285 ( 1)


lnL = -2336.004727

