Supplemental results for CODEML (seqf: ../B8441-OG-Hil-PF11765-697-981.nuc  treef: ../p697-981-2r_all-cf1.nwk)


MLEs of dN/dS (w) for site classes (K=4)

site class             0        1       2a       2b
proportion       0.60189  0.21060  0.13891  0.04860
background w     0.07220  1.00000  0.07220  1.00000
foreground w     0.07220  1.00000  9.85146  9.85146

Naive Empirical Bayes (NEB) probabilities for 4 classes
(amino acids refer to 1st sequence: OG)

   1 L   0.99235 0.00004 0.00761 0.00000 ( 1)
   2 A   0.00337 0.00029 0.99625 0.00009 ( 3)
   3 P   0.98132 0.00242 0.01619 0.00006 ( 1)
   4 G   0.95035 0.03443 0.01438 0.00084 ( 1)
   5 T   0.96567 0.00900 0.02513 0.00020 ( 1)
   6 I   0.97530 0.00555 0.01897 0.00018 ( 1)
   7 I   0.98267 0.00246 0.01481 0.00006 ( 1)
   8 K   0.91121 0.06965 0.01546 0.00367 ( 1)
   9 V   0.99022 0.00000 0.00978 0.00000 ( 1)
  10 A   0.00081 0.90005 0.00174 0.09741 ( 2)
  11 G   0.98880 0.00000 0.01120 0.00000 ( 1)
  12 F   0.99609 0.00000 0.00391 0.00000 ( 1)
  13 G   0.98643 0.00000 0.01356 0.00000 ( 1)
  14 D   0.10429 0.83931 0.01584 0.04056 ( 2)
  15 G   0.98494 0.00039 0.01465 0.00001 ( 1)
  16 N   0.99236 0.00000 0.00764 0.00000 ( 1)
  17 V   0.00211 0.92710 0.00023 0.07056 ( 2)
  18 I   0.99201 0.00000 0.00799 0.00000 ( 1)
  19 A   0.00001 0.85640 0.00052 0.14306 ( 2)
  20 V   0.98179 0.00062 0.01757 0.00002 ( 1)
  21 N   0.99243 0.00000 0.00757 0.00000 ( 1)
  22 L   0.99283 0.00047 0.00669 0.00001 ( 1)
  23 L   0.98656 0.00131 0.01210 0.00003 ( 1)
  24 F   0.99584 0.00000 0.00416 0.00000 ( 1)
  25 L   0.00003 0.00815 0.98322 0.00860 ( 3)
  26 S   0.00088 0.94153 0.00002 0.05757 ( 2)
  27 H   0.70159 0.18954 0.09759 0.01127 ( 1)
  28 S   0.00006 0.28794 0.47759 0.23442 ( 3)
  29 Y   0.98854 0.00000 0.01146 0.00000 ( 1)
  30 S   0.00000 0.82274 0.00000 0.17726 ( 2)
  31 P   0.20971 0.33276 0.42926 0.02827 ( 3)
  32 T   0.20313 0.11093 0.67009 0.01585 ( 3)
  33 G   0.00314 0.09931 0.86841 0.02914 ( 3)
  34 L   0.99327 0.00000 0.00673 0.00000 ( 1)
  35 L   0.91936 0.00444 0.07607 0.00013 ( 1)
  36 T   0.99314 0.00003 0.00683 0.00000 ( 1)
  37 L   0.98767 0.00009 0.01223 0.00000 ( 1)
  38 S   0.99478 0.00045 0.00476 0.00001 ( 1)
  39 L   0.94608 0.00029 0.05361 0.00001 ( 1)
  40 T   0.63377 0.34275 0.01517 0.00832 ( 1)
  41 P   0.98661 0.00037 0.01302 0.00001 ( 1)
  42 L   0.14116 0.82315 0.00267 0.03301 ( 2)
  43 L   0.99581 0.00000 0.00419 0.00000 ( 1)
  44 K   0.98649 0.00007 0.01344 0.00000 ( 1)
  45 I   0.49870 0.00032 0.50097 0.00002 ( 3)
  46 V   0.01228 0.69806 0.16617 0.12349 ( 2)
  47 F   0.99571 0.00000 0.00429 0.00000 ( 1)
  48 D   0.00508 0.01905 0.97218 0.00369 ( 3)
  49 I   0.99141 0.00000 0.00859 0.00000 ( 1)
  50 G   0.98457 0.00000 0.01543 0.00000 ( 1)
  51 T   0.00151 0.20805 0.63466 0.15578 ( 3)
  52 G   0.98544 0.00000 0.01455 0.00000 ( 1)
  53 Y   0.98851 0.00000 0.01149 0.00000 ( 1)
  54 D   0.00433 0.00245 0.99158 0.00163 ( 3)
  55 S   0.00004 0.81802 0.00278 0.17916 ( 2)
  56 A   0.00033 0.92419 0.00037 0.07510 ( 2)
  57 L   0.00001 0.79934 0.00042 0.20023 ( 2)
  58 F   0.99378 0.00001 0.00622 0.00000 ( 1)
  59 I   0.00000 0.71055 0.00013 0.28932 ( 2)
  60 T   0.98278 0.00004 0.01718 0.00000 ( 1)
  61 A   0.98590 0.00060 0.01349 0.00001 ( 1)
  62 A   0.98482 0.00051 0.01466 0.00001 ( 1)
  63 V   0.00036 0.07987 0.88862 0.03115 ( 3)
  64 L   0.00041 0.01700 0.95099 0.03160 ( 3)
  65 I   0.04370 0.70468 0.17941 0.07220 ( 2)
  66 G   0.98844 0.00004 0.01152 0.00000 ( 1)
  67 K   0.97133 0.00692 0.02156 0.00018 ( 1)
  68 G   0.00000 0.78670 0.00001 0.21329 ( 2)
  69 I   0.99191 0.00000 0.00809 0.00000 ( 1)
  70 S   0.01915 0.93115 0.00058 0.04912 ( 2)
  71 Y   0.98814 0.00021 0.01165 0.00000 ( 1)
  72 S   0.00154 0.00059 0.99758 0.00028 ( 3)
  73 G   0.03574 0.85057 0.00360 0.11008 ( 2)
  74 R   0.05139 0.65892 0.19738 0.09230 ( 2)
  75 P   0.54996 0.35814 0.08013 0.01176 ( 1)
  76 P   0.98705 0.00004 0.01291 0.00000 ( 1)
  77 N   0.82365 0.13613 0.03628 0.00395 ( 1)
  78 N   0.00000 0.43595 0.00150 0.56256 ( 4)
  79 P   0.02742 0.86771 0.03299 0.07188 ( 2)
  80 P   0.99010 0.00000 0.00990 0.00000 ( 1)
  81 S   0.99200 0.00006 0.00794 0.00000 ( 1)
  82 T   0.00010 0.85375 0.00563 0.14052 ( 2)
  83 C   0.99351 0.00000 0.00649 0.00000 ( 1)
  84 S   0.00000 0.88188 0.00000 0.11812 ( 2)
  85 C   0.99278 0.00000 0.00721 0.00000 ( 1)
  86 T   0.00000 0.02303 0.88405 0.09292 ( 3)
  87 P   0.56730 0.39164 0.03430 0.00675 ( 1)
  88 F   0.99571 0.00001 0.00428 0.00000 ( 1)
  89 P   0.98805 0.00000 0.01195 0.00000 ( 1)
  90 D   0.15956 0.17053 0.63842 0.03149 ( 3)
  91 Y   0.96859 0.00758 0.02363 0.00019 ( 1)


lnL = -2330.093387

Bayes Empirical Bayes (BEB) probabilities for 4 classes (class)
(amino acids refer to 1st sequence: OG)

   1 L   0.98652 0.00004 0.01344 0.00000 ( 1)
   2 A   0.00169 0.00039 0.99782 0.00011 ( 3)
   3 P   0.96905 0.00603 0.02469 0.00023 ( 1)
   4 G   0.86156 0.11365 0.02070 0.00409 ( 1)
   5 T   0.93905 0.02256 0.03764 0.00075 ( 1)
   6 I   0.95845 0.01352 0.02741 0.00061 ( 1)
   7 I   0.97096 0.00566 0.02318 0.00020 ( 1)
   8 K   0.71646 0.24972 0.01774 0.01608 ( 1)
   9 V   0.98351 0.00000 0.01649 0.00000 ( 1)
  10 A   0.00005 0.89479 0.00025 0.10491 ( 2)
  11 G   0.98137 0.00000 0.01862 0.00000 ( 1)
  12 F   0.99221 0.00000 0.00779 0.00000 ( 1)
  13 G   0.97857 0.00000 0.02143 0.00000 ( 1)
  14 D   0.01700 0.92254 0.00415 0.05631 ( 2)
  15 G   0.97676 0.00068 0.02253 0.00003 ( 1)
  16 N   0.98611 0.00000 0.01389 0.00000 ( 1)
  17 V   0.00019 0.92069 0.00003 0.07910 ( 2)
  18 I   0.98575 0.00000 0.01425 0.00000 ( 1)
  19 A   0.00000 0.84904 0.00006 0.15090 ( 2)
  20 V   0.97278 0.00094 0.02623 0.00004 ( 1)
  21 N   0.98618 0.00000 0.01382 0.00000 ( 1)
  22 L   0.98730 0.00071 0.01197 0.00002 ( 1)
  23 L   0.97691 0.00322 0.01978 0.00010 ( 1)
  24 F   0.99154 0.00000 0.00846 0.00000 ( 1)
  25 L   0.00001 0.02669 0.95112 0.02218 ( 3)
  26 S   0.00008 0.93256 0.00000 0.06736 ( 2)
  27 H   0.40128 0.46396 0.10121 0.03355 ( 2)
  28 S   0.00001 0.50403 0.15791 0.33806 ( 2)
  29 Y   0.98115 0.00000 0.01885 0.00000 ( 1)
  30 S   0.00000 0.82460 0.00000 0.17540 ( 2)
  31 P   0.07049 0.62206 0.24650 0.06095 ( 2)
  32 T   0.10882 0.29702 0.54914 0.04502 ( 3)
  33 G   0.00120 0.23136 0.70456 0.06288 ( 3)
  34 L   0.98757 0.00000 0.01243 0.00000 ( 1)
  35 L   0.85823 0.01031 0.13105 0.00041 ( 1)
  36 T   0.98733 0.00005 0.01261 0.00000 ( 1)
  37 L   0.98043 0.00011 0.01945 0.00000 ( 1)
  38 S   0.98947 0.00116 0.00934 0.00003 ( 1)
  39 L   0.90023 0.00056 0.09918 0.00003 ( 1)
  40 T   0.25652 0.70917 0.00936 0.02494 ( 2)
  41 P   0.97817 0.00063 0.02118 0.00002 ( 1)
  42 L   0.03010 0.92071 0.00083 0.04836 ( 2)
  43 L   0.99151 0.00000 0.00849 0.00000 ( 1)
  44 K   0.97835 0.00011 0.02154 0.00000 ( 1)
  45 I   0.36557 0.00039 0.63402 0.00002 ( 3)
  46 V   0.00184 0.80132 0.04694 0.14991 ( 2)
  47 F   0.99140 0.00000 0.00860 0.00000 ( 1)
  48 D   0.00234 0.05010 0.93812 0.00944 ( 3)
  49 I   0.98520 0.00000 0.01480 0.00000 ( 1)
  50 G   0.97659 0.00000 0.02341 0.00000 ( 1)
  51 T   0.00047 0.38254 0.36455 0.25244 ( 2)
  52 G   0.97717 0.00000 0.02282 0.00000 ( 1)
  53 Y   0.98110 0.00000 0.01889 0.00000 ( 1)
  54 D   0.00222 0.00410 0.99138 0.00230 ( 3)
  55 S   0.00000 0.81665 0.00037 0.18297 ( 2)
  56 A   0.00002 0.91771 0.00005 0.08221 ( 2)
  57 L   0.00000 0.79796 0.00004 0.20200 ( 2)
  58 F   0.98898 0.00000 0.01101 0.00000 ( 1)
  59 I   0.00000 0.72271 0.00001 0.27728 ( 2)
  60 T   0.97395 0.00004 0.02601 0.00000 ( 1)
  61 A   0.97651 0.00132 0.02214 0.00003 ( 1)
  62 A   0.97603 0.00089 0.02306 0.00003 ( 1)
  63 V   0.00011 0.20067 0.72880 0.07042 ( 3)
  64 L   0.00026 0.03928 0.90598 0.05447 ( 3)
  65 I   0.00705 0.84145 0.05431 0.09719 ( 2)
  66 G   0.98098 0.00004 0.01898 0.00000 ( 1)
  67 K   0.95204 0.01652 0.03083 0.00062 ( 1)
  68 G   0.00000 0.79629 0.00000 0.20370 ( 2)
  69 I   0.98569 0.00000 0.01431 0.00000 ( 1)
  70 S   0.00260 0.93620 0.00011 0.06108 ( 2)
  71 Y   0.98060 0.00035 0.01904 0.00001 ( 1)
  72 S   0.00068 0.00089 0.99807 0.00037 ( 3)
  73 G   0.00522 0.87575 0.00065 0.11838 ( 2)
  74 R   0.01157 0.79822 0.07152 0.11869 ( 2)
  75 P   0.21724 0.69205 0.05985 0.03085 ( 2)
  76 P   0.97968 0.00004 0.02028 0.00000 ( 1)
  77 N   0.52489 0.42363 0.03444 0.01705 ( 1)
  78 N   0.00000 0.48699 0.00017 0.51284 ( 4)
  79 P   0.00274 0.90229 0.00571 0.08926 ( 2)
  80 P   0.98339 0.00000 0.01660 0.00000 ( 1)
  81 S   0.98563 0.00009 0.01428 0.00000 ( 1)
  82 T   0.00001 0.85486 0.00083 0.14430 ( 2)
  83 C   0.98799 0.00000 0.01201 0.00000 ( 1)
  84 S   0.00000 0.87716 0.00000 0.12284 ( 2)
  85 C   0.98703 0.00000 0.01297 0.00000 ( 1)
  86 T   0.00000 0.09100 0.65124 0.25776 ( 3)
  87 P   0.16624 0.79078 0.02171 0.02127 ( 2)
  88 F   0.99140 0.00002 0.00858 0.00000 ( 1)
  89 P   0.98076 0.00000 0.01923 0.00000 ( 1)
  90 D   0.07757 0.39207 0.45674 0.07362 ( 3)
  91 Y   0.93915 0.02403 0.03597 0.00085 ( 1)

